API VERSION: 1.2
API SOURCE: NASA/JPL Horizons API



*******************************************************************************
Ephemeris / API_USER Mon Sep 28 13:51:49 2026 Pasadena, USA      / Horizons
*******************************************************************************
Target body name: Pluto (999)                     {source: plu060_merged}
Center body name: Sun (10)                        {source: plu060_merged}
Center-site name: BODY CENTER
*******************************************************************************
Start time      : A.D. 1800-Jan-03 00:00:00.0000 TDB
Stop  time      : A.D. 2050-Jan-04 00:00:00.0000 TDB
Step-size       : 1  calendar years
*******************************************************************************
Center geodetic : 0.0, 0.0, 0.0                   {E-lon(deg),Lat(deg),Alt(km)}
Center cylindric: 0.0, 0.0, 0.0                   {E-lon(deg),Dxy(km),Dz(km)}
Center radii    : 695700.0, 695700.0, 695700.0 km {Equator_a, b, pole_c}
Keplerian GM    : 2.9591221022247746E-04 au^3/d^2
Output units    : AU-D, deg, Julian Day Number (Tp)
Calendar mode   : Mixed Julian/Gregorian
Output type     : GEOMETRIC osculating elements
Output format   : 10
Reference frame : Ecliptic of J2000.0
*******************************************************************************
            JDTDB,            Calendar Date (TDB),                     EC,                     QR,                     IN,                     OM,                      W,                     Tp,                      N,                     MA,                     TA,                      A,                     AD,                     PR,
**************************************************************************************************************************************************************************************************************************************************************************************************************************************************
$$SOE
2378498.500000000, A.D. 1800-Jan-03 00:00:00.0000,  2.446399530286100E-01,  2.975176605748688E+01,  1.698743744299293E+01,  1.097746104232901E+02,  1.139388594885707E+02,  2.357097165536976E+06,  3.987181125570947E-03,  8.533099683299791E+01,  1.128814442911718E+02,  3.938752939975625E+01,  4.902329274202562E+01,  9.028935196628408E+04,
2378863.500000000, A.D. 1801-Jan-03 00:00:00.0000,  2.467365465521074E-01,  2.983945409760572E+01,  1.705830060130569E+01,  1.100119079818960E+02,  1.149687858166526E+02,  2.357329375890424E+06,  3.953102819567822E-03,  8.512660673448566E+01,  1.129221756384698E+02,  3.961356941057262E+01,  4.938768472353952E+01,  9.106770464405917E+04,
2379228.500000000, A.D. 1802-Jan-03 00:00:00.0000,  2.503677018364082E-01,  2.970650911400488E+01,  1.720872045981360E+01,  1.105776443518477E+02,  1.144439971103953E+02,  2.357433115680413E+06,  3.950927684430492E-03,  8.611198730105704E+01,  1.141880870950962E+02,  3.962810725575493E+01,  4.954970539750499E+01,  9.111784086017567E+04,
2379593.500000000, A.D. 1803-Jan-03 00:00:00.0000,  2.535202710527153E-01,  2.941968898477248E+01,  1.731945788486970E+01,  1.110253808697097E+02,  1.127572015970796E+02,  2.357348192383651E+06,  3.983584075603273E-03,  8.861605317738476E+01,  1.167144288912276E+02,  3.941123629205750E+01,  4.940278359934253E+01,  9.037088038501653E+04,
2379958.500000000, A.D. 1804-Jan-03 00:00:00.0000,  2.546844723669232E-01,  2.918682279380803E+01,  1.729818772986380E+01,  1.109684789402210E+02,  1.113839444280352E+02,  2.357181617937785E+06,  4.021926199394245E-03,  9.160693870653687E+01,  1.193955919400326E+02,  3.916035787755233E+01,  4.913389296129662E+01,  8.950935003586608E+04,
2380324.500000000, A.D. 1805-Jan-03 00:00:00.0000,  2.502627414517085E-01,  2.943710445272631E+01,  1.700593920076455E+01,  1.097026375491480E+02,  1.131608313701811E+02,  2.357127537765277E+06,  4.006130411522360E-03,  9.293005586346177E+01,  1.200727363407039E+02,  3.926322737344688E+01,  4.908935029416746E+01,  8.986227681569591E+04,
2380689.500000000, A.D. 1806-Jan-03 00:00:00.0000,  2.479722164138164E-01,  2.984300157981358E+01,  1.695552904281143E+01,  1.094354665876570E+02,  1.158535548114640E+02,  2.357412202375489E+06,  3.942676562923986E-03,  9.177485579236495E+01,  1.188649266384564E+02,  3.968337637407718E+01,  4.952375116834078E+01,  9.130852968903315E+04,
2381054.500000000, A.D. 1807-Jan-03 00:00:00.0000,  2.476325070485861E-01,  3.009284232587635E+01,  1.703491617436127E+01,  1.097993621792820E+02,  1.173295651313504E+02,  2.357671883899310E+06,  3.896317108126960E-03,  9.110608714588309E+01,  1.182591444249410E+02,  3.999753127002747E+01,  4.990222021417858E+01,  9.239494374036189E+04,
2381419.500000000, A.D. 1808-Jan-03 00:00:00.0000,  2.484100915636767E-01,  3.006066571258645E+01,  1.717779806480544E+01,  1.105139903057377E+02,  1.166508353825499E+02,  2.357699469248036E+06,  3.896526144010793E-03,  9.242571996176625E+01,  1.194620682321059E+02,  3.999610076607789E+01,  4.993153581956933E+01,  9.238998705381271E+04,
2381785.500000000, A.D. 1809-Jan-03 00:00:00.0000,  2.491723168281036E-01,  2.959867745225507E+01,  1.724140467020441E+01,  1.108602276872635E+02,  1.129349967415693E+02,  2.357212258596248E+06,  3.982043788105787E-03,  9.785172328543544E+01,  1.240462634016085E+02,  3.942139869858618E+01,  4.924411994491728E+01,  9.040583658956896E+04,
2382150.500000000, A.D. 1810-Jan-03 00:00:00.0000,  2.465767813749713E-01,  2.962588809124902E+01,  1.712831097140689E+01,  1.102637584255593E+02,  1.127978851753290E+02,  2.357011430858094E+06,  3.997196589951645E-03,  1.004858014485844E+02,  1.259370421499707E+02,  3.932170838232892E+01,  4.901752867340882E+01,  9.006312096457454E+04,
2382515.500000000, A.D. 1811-Jan-03 00:00:00.0000,  2.441334247269605E-01,  2.981434926288383E+01,  1.703090241037390E+01,  1.096805614600728E+02,  1.140052294759051E+02,  2.357025994580575E+06,  3.978632123801108E-03,  1.014133650815259E+02,  1.264584755015765E+02,  3.944393129450668E+01,  4.907351332612954E+01,  9.048335930492186E+04,
2382880.500000000, A.D. 1812-Jan-03 00:00:00.0000,  2.439806038256811E-01,  2.997592341999028E+01,  1.702512686256919E+01,  1.096081184057059E+02,  1.153524020350296E+02,  2.357224599417836E+06,  3.947704403391639E-03,  1.012819117011855E+02,  1.263391608881025E+02,  3.964967508992135E+01,  4.932342675985242E+01,  9.119223812469566E+04,
2383246.500000000, A.D. 1813-Jan-03 00:00:00.0000,  2.499143476037743E-01,  2.969606774183894E+01,  1.724071608313053E+01,  1.109557646703945E+02,  1.139641436279104E+02,  2.357421724106812E+06,  3.956598163024930E-03,  1.021782608595180E+02,  1.275889829095452E+02,  3.959023565771696E+01,  4.948440357359497E+01,  9.098725348564837E+04,
2383611.500000000, A.D. 1814-Jan-03 00:00:00.0000,  2.535178859703140E-01,  2.932142018517525E+01,  1.728654513014783E+01,  1.112791132170891E+02,  1.119154656796661E+02,  2.357271884399731E+06,  4.003646110962170E-03,  1.054544995622570E+02,  1.304635217214595E+02,  3.927946783197702E+01,  4.923751547877880E+01,  8.991803721470367E+04,
2383976.500000000, A.D. 1815-Jan-03 00:00:00.0000,  2.544001085450164E-01,  2.914561058903479E+01,  1.722303871947119E+01,  1.108913742335069E+02,  1.111341892973006E+02,  2.357112428103695E+06,  4.032766645283094E-03,  1.083365330999057E+02,  1.327390899128389E+02,  3.909014864817010E+01,  4.903468670730540E+01,  8.926874070957523E+04,
2384341.500000000, A.D. 1816-Jan-03 00:00:00.0000,  2.519867545254871E-01,  2.929967140203662E+01,  1.710403769779556E+01,  1.100414448975867E+02,  1.122801966795924E+02,  2.357073162926665E+06,  4.020442757225051E-03,  1.096307882880601E+02,  1.335195530410918E+02,  3.916999007611148E+01,  4.904030875018635E+01,  8.954237673277444E+04,
2384707.500000000, A.D. 1817-Jan-03 00:00:00.0000,  2.473012376013746E-01,  2.992408298496065E+01,  1.702959125409694E+01,  1.094275280549542E+02,  1.163554511590901E+02,  2.357489970542308E+06,  3.931919362762860E-03,  1.070171310812674E+02,  1.311398800269537E+02,  3.975572231526137E+01,  4.958736164556209E+01,  9.155833749017608E+04,
2385072.500000000, A.D. 1818-Jan-03 00:00:00.0000,  2.480584419819511E-01,  3.000082518883032E+01,  1.711166000912691E+01,  1.100870177202410E+02,  1.167010198191295E+02,  2.357689715995411E+06,  3.910933276339553E-03,  1.070922411623646E+02,  1.312616001409733E+02,  3.989781502156343E+01,  4.979480485429654E+01,  9.204963996137076E+04,
2385437.500000000, A.D. 1819-Jan-03 00:00:00.0000,  2.492552164240831E-01,  2.987801161901637E+01,  1.720006576188191E+01,  1.108514544679964E+02,  1.154247887823759E+02,  2.357645409596520E+06,  3.925681148791894E-03,  1.091028853824626E+02,  1.328977046300385E+02,  3.979782780068435E+01,  4.971764398235233E+01,  9.170383083985004E+04,
2385802.500000000, A.D. 1820-Jan-03 00:00:00.0000,  2.490782292998759E-01,  2.972843196035311E+01,  1.722663926842029E+01,  1.111277839032692E+02,  1.137693247434472E+02,  2.357392247296940E+06,  3.956745476571971E-03,  1.124121388710994E+02,  1.353722041026510E+02,  3.958925299586895E+01,  4.945007403138479E+01,  9.098386594022097E+04,
2386168.500000000, A.D. 1821-Jan-03 00:00:00.0000,  2.433215290651101E-01,  2.994009266279022E+01,  1.708517454531461E+01,  1.098017629742471E+02,  1.143131682786792E+02,  2.357018062712769E+06,  3.959965766267197E-03,  1.154347337291543E+02,  1.371737186093276E+02,  3.956778712865808E+01,  4.919548159452595E+01,  9.090987681425049E+04,
2386533.500000000, A.D. 1822-Jan-03 00:00:00.0000,  2.399453199940455E-01,  3.023036932961648E+01,  1.705158525007848E+01,  1.093993681454465E+02,  1.158027945581608E+02,  2.357080479116495E+06,  3.929218244963125E-03,  1.157273470247468E+02,  1.371358916885479E+02,  3.977394011886045E+01,  4.931751090810442E+01,  9.162127872675050E+04,
2386898.500000000, A.D. 1823-Jan-03 00:00:00.0000,  2.406091227861427E-01,  3.027829131061485E+01,  1.708586145124676E+01,  1.097322016724142E+02,  1.162651212755470E+02,  2.357258236276717E+06,  3.914759566094122E-03,  1.160345059522752E+02,  1.374135579649768E+02,  3.987181334295641E+01,  4.946533537529797E+01,  9.195967055498717E+04,
2387263.500000000, A.D. 1824-Jan-03 00:00:00.0000,  2.449937159907832E-01,  3.000453011332980E+01,  1.716148460358990E+01,  1.105944590009727E+02,  1.150027154439072E+02,  2.357366919305593E+06,  3.934138816678508E-03,  1.176172985958277E+02,  1.389007971023174E+02,  3.974076871784489E+01,  4.947700732235997E+01,  9.150668463293796E+04,
2387629.500000000, A.D. 1825-Jan-03 00:00:00.0000,  2.521930457660185E-01,  2.932364600337081E+01,  1.722777947020970E+01,  1.114126101103793E+02,  1.112045695612652E+02,  2.357089472173225E+06,  4.013852162615315E-03,  1.225831567388322E+02,  1.429598595207518E+02,  3.921285545332832E+01,  4.910206490328581E+01,  8.968940195481287E+04,
2387994.500000000, A.D. 1826-Jan-03 00:00:00.0000,  2.525483094536933E-01,  2.923239843169187E+01,  1.716768197339229E+01,  1.106939875492687E+02,  1.111228968477895E+02,  2.356945318836658E+06,  4.029787022785599E-03,  1.251215873201556E+02,  1.447590264308946E+02,  3.910941509855459E+01,  4.898643176541729E+01,  8.933474597154993E+04,
2388359.500000000, A.D. 1827-Jan-03 00:00:00.0000,  2.501388939192583E-01,  2.942952234812822E+01,  1.710374479859553E+01,  1.097491531234378E+02,  1.127293130587527E+02,  2.356977690416277E+06,  4.008671767516668E-03,  1.257993740918525E+02,  1.450786814885573E+02,  3.924663128875414E+01,  4.906374022938006E+01,  8.980530731330403E+04,
2388724.500000000, A.D. 1828-Jan-03 00:00:00.0000,  2.479105304601482E-01,  2.970586059398473E+01,  1.708057794928997E+01,  1.092841700241276E+02,  1.148303758671879E+02,  2.357221001256466E+06,  3.970499349697540E-03,  1.250846212743992E+02,  1.444382784025484E+02,  3.949777492850627E+01,  4.928968926302781E+01,  9.066869637629423E+04,
2389090.500000000, A.D. 1829-Jan-03 00:00:00.0000,  2.516368778105668E-01,  2.961943155940715E+01,  1.715643629111974E+01,  1.105965358814852E+02,  1.147972065457678E+02,  2.357651099272294E+06,  3.958289582480819E-03,  1.244462523799202E+02,  1.442301514940457E+02,  3.957895663371502E+01,  4.953848170802291E+01,  9.094837365950711E+04,
2389455.500000000, A.D. 1830-Jan-03 00:00:00.0000,  2.535541717023466E-01,  2.943770843632110E+01,  1.718570914726063E+01,  1.111832483571368E+02,  1.134298162047841E+02,  2.357572266400205E+06,  3.979655866069002E-03,  1.268842976246731E+02,  1.460418315095587E+02,  3.943716653016446E+01,  4.943662462400782E+01,  9.046008301104646E+04,
2389820.500000000, A.D. 1831-Jan-03 00:00:00.0000,  2.522813320031581E-01,  2.942642744489482E+01,  1.717330266968455E+01,  1.110390273950483E+02,  1.126708446762121E+02,  2.357316067540824E+06,  3.992133922777093E-03,  1.297620474608913E+02,  1.479387294892954E+02,  3.935494552212933E+01,  4.928346359936383E+01,  9.017733547114301E+04,
2390185.500000000, A.D. 1832-Jan-03 00:00:00.0000,  2.476106232099722E-01,  2.967224596992984E+01,  1.713683141527492E+01,  1.102689880256858E+02,  1.132211279362608E+02,  2.357045604197944E+06,  3.979627535444415E-03,  1.318844418556230E+02,  1.491199329813056E+02,  3.943735369646318E+01,  4.920246142299653E+01,  9.046072698856174E+04,
2390551.500000000, A.D. 1833-Jan-03 00:00:00.0000,  2.401756561914220E-01,  3.028127467866303E+01,  1.710496037648727E+01,  1.092750431276334E+02,  1.164109995082928E+02,  2.357191435185664E+06,  3.917532894731023E-03,  1.306891512805207E+02,  1.478737207995813E+02,  3.985299355753700E+01,  4.942471243641097E+01,  9.189456979013255E+04,
2390916.500000000, A.D. 1834-Jan-03 00:00:00.0000,  2.416661522983523E-01,  3.022909081137854E+01,  1.712886691531165E+01,  1.099837801773888E+02,  1.161289589412972E+02,  2.357358246101484E+06,  3.916130076336038E-03,  1.314184874013010E+02,  1.484641746274765E+02,  3.986251029542812E+01,  4.949592977947769E+01,  9.192748784708876E+04,
2391281.500000000, A.D. 1835-Jan-03 00:00:00.0000,  2.464700222890669E-01,  2.987776507018436E+01,  1.715657641100494E+01,  1.109912294396869E+02,  1.142518972564362E+02,  2.357388075261095E+06,  3.947596134467906E-03,  1.337975524831800E+02,  1.503583347163015E+02,  3.965040005567764E+01,  4.942303504117093E+01,  9.119473921273464E+04,
2391646.500000000, A.D. 1836-Jan-03 00:00:00.0000,  2.514328764130816E-01,  2.946701841010986E+01,  1.716737386163651E+01,  1.115463088832778E+02,  1.121285964383045E+02,  2.357256623500256E+06,  3.990670840846609E-03,  1.372386773678452E+02,  1.529246320038484E+02,  3.936456395374724E+01,  4.926210949738462E+01,  9.021039678722965E+04,
2392012.500000000, A.D. 1837-Jan-03 00:00:00.0000,  2.500758839518954E-01,  2.944767967390765E+01,  1.713965970083922E+01,  1.102545085788175E+02,  1.120082399212402E+02,  2.356847730214524E+06,  4.005469551241887E-03,  1.408514146521569E+02,  1.552489620754730E+02,  3.926754593396582E+01,  4.908741219402398E+01,  8.987710314471941E+04,
2392377.500000000, A.D. 1838-Jan-03 00:00:00.0000,  2.481443540896127E-01,  2.962794117393089E+01,  1.713474123867945E+01,  1.094420485116488E+02,  1.137235949901102E+02,  2.356984256633901E+06,  3.984314048886974E-03,  1.410177967792245E+02,  1.552710352268987E+02,  3.940642240979088E+01,  4.918490364565088E+01,  9.035432337482704E+04,
2392742.500000000, A.D. 1839-Jan-03 00:00:00.0000,  2.483623394189093E-01,  2.970960698809815E+01,  1.713928489194659E+01,  1.093562504116389E+02,  1.151464239813369E+02,  2.357338143403096E+06,  3.966171718283434E-03,  1.404197578386627E+02,  1.548859705735429E+02,  3.952650132662281E+01,  4.934339566514748E+01,  9.076762822458142E+04,
2393107.500000000, A.D. 1840-Jan-03 00:00:00.0000,  2.512080109942249E-01,  2.959439573180272E+01,  1.714153517084377E+01,  1.100227642914731E+02,  1.152559429949366E+02,  2.357679551630246E+06,  3.966720898144304E-03,  1.405327831766800E+02,  1.550908842362837E+02,  3.952285303038206E+01,  4.945131032896141E+01,  9.075506173585690E+04,
2393473.500000000, A.D. 1841-Jan-03 00:00:00.0000,  2.566664737727509E-01,  2.917538557248702E+01,  1.713793028692189E+01,  1.112475667836306E+02,  1.126444938662411E+02,  2.357587216392052E+06,  4.008249531535981E-03,  1.438411794601241E+02,  1.574822457029725E+02,  3.924938744598966E+01,  4.932338931949231E+01,  8.981476756065289E+04,
2393838.500000000, A.D. 1842-Jan-03 00:00:00.0000,  2.533796618336485E-01,  2.934338693044219E+01,  1.713652007875907E+01,  1.106723264360226E+02,  1.127762668633872E+02,  2.357300665214276E+06,  4.000262019683592E-03,  1.461609127748049E+02,  1.588450636125394E+02,  3.930161747603546E+01,  4.925984802162873E+01,  8.999410494327440E+04,
2394203.500000000, A.D. 1843-Jan-03 00:00:00.0000,  2.467341346206311E-01,  2.977032726670646E+01,  1.714870551669701E+01,  1.097135807347113E+02,  1.141555817108243E+02,  2.357071793175014E+06,  3.966898545217873E-03,  1.472977137854931E+02,  1.593246107878953E+02,  3.952167307052095E+01,  4.927301887433542E+01,  9.075099751012860E+04,
2394568.500000000, A.D. 1844-Jan-03 00:00:00.0000,  2.406751291815241E-01,  3.020726279397616E+01,  1.716508572949538E+01,  1.091223322797868E+02,  1.158910341732389E+02,  2.357068741597505E+06,  3.928063066968166E-03,  1.473014160010678E+02,  1.590948740794328E+02,  3.978173763940561E+01,  4.935621248483506E+01,  9.164822302047767E+04,
2394934.500000000, A.D. 1845-Jan-03 00:00:00.0000,  2.425885222075244E-01,  3.016221477545392E+01,  1.713759976177277E+01,  1.103057800428653E+02,  1.159776669755117E+02,  2.357512810198244E+06,  3.921995186864226E-03,  1.467676872868132E+02,  1.588186810886036E+02,  3.982275904157623E+01,  4.948330330769854E+01,  9.179001575670794E+04,
2395299.500000000, A.D. 1846-Jan-03 00:00:00.0000,  2.457450595861260E-01,  2.990465487082495E+01,  1.711184572227744E+01,  1.112524442466601E+02,  1.139660108589353E+02,  2.357375340102850E+06,  3.947963498663674E-03,  1.497231989914322E+02,  1.608615909423432E+02,  3.964794032958629E+01,  4.939122578834764E+01,  9.118625339921570E+04,
2395664.500000000, A.D. 1847-Jan-03 00:00:00.0000,  2.478980158525507E-01,  2.969490875313280E+01,  1.710101683730177E+01,  1.114835704742235E+02,  1.122408796508849E+02,  2.357051953335572E+06,  3.972795261987476E-03,  1.533997424417072E+02,  1.632982735975518E+02,  3.948255606158742E+01,  4.927020337004203E+01,  9.061629816279589E+04,
2396029.500000000, A.D. 1848-Jan-03 00:00:00.0000,  2.474639530334924E-01,  2.967917999354690E+01,  1.711788790756802E+01,  1.108590233567288E+02,  1.118792618191317E+02,  2.356732629688478E+06,  3.979396287852028E-03,  1.563778198418734E+02,  1.651852555485470E+02,  3.943888151695117E+01,  4.919858304035544E+01,  9.046598377220640E+04,
2396395.500000000, A.D. 1849-Jan-03 00:00:00.0000,  2.427911071120698E-01,  3.002377796730365E+01,  1.718258912194096E+01,  1.093828968209880E+02,  1.145484837527184E+02,  2.356861855825195E+06,  3.947568042267618E-03,  1.560617503388418E+02,  1.648533928306541E+02,  3.965058816569826E+01,  4.927739836409287E+01,  9.119538818467171E+04,
2396760.500000000, A.D. 1850-Jan-03 00:00:00.0000,  2.463124566168654E-01,  2.984233922460752E+01,  1.716937367797238E+01,  1.097302650655189E+02,  1.150714168722882E+02,  2.357322857086462E+06,  3.955867962021266E-03,  1.560101080993026E+02,  1.649190303744815E+02,  3.959510739775789E+01,  4.934787557090826E+01,  9.100404853150272E+04,
2397125.500000000, A.D. 1851-Jan-03 00:00:00.0000,  2.516988842879725E-01,  2.951378392810675E+01,  1.712534973482122E+01,  1.105945778485747E+02,  1.143776234667636E+02,  2.357664927135121E+06,  3.979067662836998E-03,  1.570162894436652E+02,  1.657040557037090E+02,  3.944105295102177E+01,  4.936832197393680E+01,  9.047345521722719E+04,
2397490.500000000, A.D. 1852-Jan-03 00:00:00.0000,  2.555041935030619E-01,  2.925474738316372E+01,  1.708677448246944E+01,  1.112654534465353E+02,  1.131602240861128E+02,  2.357693527360340E+06,  4.001316736514755E-03,  1.592402926856907E+02,  1.671947340007335E+02,  3.929471076649246E+01,  4.933467414982120E+01,  8.997038317780581E+04,
2397856.500000000, A.D. 1853-Jan-03 00:00:00.0000,  2.513755429130656E-01,  2.946731068791862E+01,  1.713921216720640E+01,  1.103246162107742E+02,  1.128439001669615E+02,  2.357066385282809E+06,  3.991069943639957E-03,  1.627962008454070E+02,  1.693253487813571E+02,  3.936193963336775E+01,  4.925656857881689E+01,  9.020137584250675E+04,
2398221.500000000, A.D. 1854-Jan-03 00:00:00.0000,  2.454200386830426E-01,  2.986466409389984E+01,  1.720402225699141E+01,  1.094022686530910E+02,  1.144726381976847E+02,  2.356982189454277E+06,  3.958453299141746E-03,  1.632438848840481E+02,  1.694893610798252E+02,  3.957786533554042E+01,  4.929106657718099E+01,  9.094461214890511E+04,
2398586.500000000, A.D. 1855-Jan-03 00:00:00.0000,  2.416263489553228E-01,  3.014167319578633E+01,  1.722923310668723E+01,  1.091330872504776E+02,  1.159343511299971E+02,  2.357172979492713E+06,  3.933488577140484E-03,  1.628996098545874E+02,  1.691957853364937E+02,  3.974514825807238E+01,  4.934862332035843E+01,  9.152181147598708E+04,
2398951.500000000, A.D. 1856-Jan-03 00:00:00.0000,  2.416956528389025E-01,  3.015858749088673E+01,  1.718483939797232E+01,  1.097300229399356E+02,  1.160954060246312E+02,  2.357426174402029E+06,  3.929641198435974E-03,  1.631796302482529E+02,  1.693753760146345E+02,  3.977108611310614E+01,  4.938358473532554E+01,  9.161141738418322E+04,
2399317.500000000, A.D. 1857-Jan-03 00:00:00.0000,  2.469950344655611E-01,  2.978696951093194E+01,  1.705094071778687E+01,  1.113951191580523E+02,  1.132126366867571E+02,  2.357283125269207E+06,  3.961515450727838E-03,  1.665198249577198E+02,  1.715798517211806E+02,  3.955746757896994E+01,  4.932796564700794E+01,  9.087431425614108E+04,
2399682.500000000, A.D. 1858-Jan-03 00:00:00.0000,  2.456315072996324E-01,  2.984581370015002E+01,  1.705949895155405E+01,  1.112309539872127E+02,  1.120853183667581E+02,  2.356747224825311E+06,  3.960538609880189E-03,  1.700468150551861E+02,  1.737737698996903E+02,  3.956397170474704E+01,  4.928212970934405E+01,  9.089672780917300E+04,
2400047.500000000, A.D. 1859-Jan-03 00:00:00.0000,  2.429453021383227E-01,  3.000854147062304E+01,  1.712861974377571E+01,  1.104266282360222E+02,  1.122205743331686E+02,  2.356358383708492E+06,  3.949368265474941E-03,  1.725444094283258E+02,  1.753153415961681E+02,  3.963853808104358E+01,  4.926853469146411E+01,  9.115381899102469E+04,
2400412.500000000, A.D. 1860-Jan-03 00:00:00.0000,  2.417169693111645E-01,  3.009403840138377E+01,  1.720735272005366E+01,  1.096482957527152E+02,  1.133389711536439E+02,  2.356425126899877E+06,  3.942124852701279E-03,  1.734037167030377E+02,  1.758464123356435E+02,  3.968707881283575E+01,  4.928011922428773E+01,  9.132130854590147E+04,
2400778.500000000, A.D. 1861-Jan-03 00:00:00.0000,  2.479784655118110E-01,  2.971749247607101E+01,  1.714989849477629E+01,  1.102305916051613E+02,  1.143969366278011E+02,  2.357379872111273E+06,  3.967630760946624E-03,  1.721897309941906E+02,  1.751380120466635E+02,  3.951681050768865E+01,  4.931612853930630E+01,  9.073424965434756E+04,
2401143.500000000, A.D. 1862-Jan-03 00:00:00.0000,  2.545796540811837E-01,  2.929717323886363E+01,  1.706022126101525E+01,  1.110784112529090E+02,  1.133723940373631E+02,  2.357667979232813E+06,  4.000067871437189E-03,  1.739050338148269E+02,  1.762534129101307E+02,  3.930288916752265E+01,  4.930860509618167E+01,  8.999847291857454E+04,
2401508.500000000, A.D. 1863-Jan-03 00:00:00.0000,  2.577992709596280E-01,  2.908877699388230E+01,  1.702137415252308E+01,  1.114025154028172E+02,  1.123713185207934E+02,  2.357577213333614E+06,  4.016964067878471E-03,  1.764703999945409E+02,  1.778440417162864E+02,  3.919260094434645E+01,  4.929642489481058E+01,  8.961992039678145E+04,
2401873.500000000, A.D. 1864-Jan-03 00:00:00.0000,  2.560836915388429E-01,  2.919452623852230E+01,  1.707279834186582E+01,  1.109033502858809E+02,  1.122717859877225E+02,  2.357251897105703E+06,  4.009018373981657E-03,  1.788888258797493E+02,  1.793191940728339E+02,  3.924436916689354E+01,  4.929421209526479E+01,  8.979754304354981E+04,
2402239.500000000, A.D. 1865-Jan-03 00:00:00.0000,  2.480435389176794E-01,  2.970364827074234E+01,  1.728141900277753E+01,  1.092333801579312E+02,  1.147481819116570E+02,  2.357165936700674E+06,  3.969889584568889E-03,  1.789370694814025E+02,  1.793389063630706E+02,  3.950181933138617E+01,  4.929999039203000E+01,  9.068262286168704E+04,
2402604.500000000, A.D. 1866-Jan-03 00:00:00.0000,  2.476204248465702E-01,  2.973302325162662E+01,  1.727613177214661E+01,  1.093093987269527E+02,  1.158965323760822E+02,  2.357632404232498E+06,  3.967354109016625E-03,  1.784202289342888E+02,  1.790166616587787E+02,  3.951864754643729E+01,  4.930427184124797E+01,  9.074057674403861E+04,
2402969.500000000, A.D. 1867-Jan-03 00:00:00.0000,  2.492137656469300E-01,  2.963123410016131E+01,  1.717206005259255E+01,  1.100818310836010E+02,  1.157260981239462E+02,  2.357951999979683E+06,  3.975153630064480E-03,  1.789514786221922E+02,  1.793492914756926E+02,  3.946693844978879E+01,  4.930264279941627E+01,  9.056253757773899E+04,
2403334.500000000, A.D. 1868-Jan-03 00:00:00.0000,  2.501567213333458E-01,  2.956930511207519E+01,  1.704937145564972E+01,  1.109577507503336E+02,  1.144297319055098E+02,  2.448271026338590E+06,  3.980138198064966E-03,  1.811464150314268E+02,  1.807102117503473E+02,  3.943398034407178E+01,  4.929865557606836E+01,  9.044912062978670E+04,
2403700.500000000, A.D. 1869-Jan-03 00:00:00.0000,  2.448897312027377E-01,  2.991679544105031E+01,  1.708400300867973E+01,  1.106896648763154E+02,  1.126262524811492E+02,  2.447757928688641E+06,  3.952273877446940E-03,  1.858729754864034E+02,  1.836758702827926E+02,  3.961910819819959E+01,  4.932142095534887E+01,  9.108680500465471E+04,
2404065.500000000, A.D. 1870-Jan-03 00:00:00.0000,  2.399638427930156E-01,  3.023738656509758E+01,  1.720266465343022E+01,  1.099055769324140E+02,  1.130776011360176E+02,  2.447928106154147E+06,  3.927706951231937E-03,  1.877205369092085E+02,  1.848784529255859E+02,  3.978414221267488E+01,  4.933089786025218E+01,  9.165653254428387E+04,
2404430.500000000, A.D. 1871-Jan-03 00:00:00.0000,  2.392775253782068E-01,  3.027419513255944E+01,  1.727603047014007E+01,  1.094785145967937E+02,  1.140661971585982E+02,  2.448185868415794E+06,  3.925857551096646E-03,  1.882226565038390E+02,  1.852029237641522E+02,  3.979663562274901E+01,  4.931907611293857E+01,  9.169971027080131E+04,
2404795.500000000, A.D. 1872-Jan-03 00:00:00.0000,  2.436630463512438E-01,  2.998030255734136E+01,  1.723497723175218E+01,  1.097524073303066E+02,  1.146679467362751E+02,  2.448256943605275E+06,  3.949326489735529E-03,  1.883565694875417E+02,  1.852447152605684E+02,  3.963881760994089E+01,  4.929733266254042E+01,  9.115478321067039E+04,
2405161.500000000, A.D. 1873-Jan-03 00:00:00.0000,  2.534922187764179E-01,  2.936285634156566E+01,  1.697787413444716E+01,  1.112859745121485E+02,  1.130091796064454E+02,  2.447637586150297E+06,  3.995380386030306E-03,  1.902918785197675E+02,  1.863449927493297E+02,  3.933362394888604E+01,  4.930439155620641E+01,  9.010406149530246E+04,
2405526.500000000, A.D. 1874-Jan-03 00:00:00.0000,  2.545274467560503E-01,  2.931708800817935E+01,  1.697934629067948E+01,  1.112452292311054E+02,  1.122013288287115E+02,  2.447277334654388E+06,  3.996412572709213E-03,  1.931464394661009E+02,  1.880963224261480E+02,  3.932685097607555E+01,  4.933661394397175E+01,  9.008078957072042E+04,
2405891.500000000, A.D. 1875-Jan-03 00:00:00.0000,  2.517453121243670E-01,  2.950484747371982E+01,  1.710483080659865E+01,  1.105159665454461E+02,  1.124316804814921E+02,  2.447272693645973E+06,  3.980505094682200E-03,  1.952819478681748E+02,  1.894679113351987E+02,  3.943155713128496E+01,  4.935826678885010E+01,  9.044078362842595E+04,
2406256.500000000, A.D. 1876-Jan-03 00:00:00.0000,  2.481541624508840E-01,  2.971907058315688E+01,  1.727087409148889E+01,  1.096494017621083E+02,  1.136896649620111E+02,  2.447624399446749E+06,  3.965924477057551E-03,  1.959380350196836E+02,  1.899432801193072E+02,  3.952814406745374E+01,  4.933721755175061E+01,  9.077328680426504E+04,
2406622.500000000, A.D. 1877-Jan-03 00:00:00.0000,  2.505091611058607E-01,  2.951151265736889E+01,  1.726507891923862E+01,  1.096962139174368E+02,  1.158183241503916E+02,  2.448240723332382E+06,  3.989021368555686E-03,  1.939840178058063E+02,  1.886794356768339E+02,  3.937541478280457E+01,  4.923931690824025E+01,  9.024769905666012E+04,
2406987.500000000, A.D. 1878-Jan-03 00:00:00.0000,  2.529252638223392E-01,  2.935055340427904E+01,  1.710637052551567E+01,  1.104781485132035E+02,  1.153712282267752E+02,  2.448205404815362E+06,  4.002448099853976E-03,  1.950274751917903E+02,  1.892888841526558E+02,  3.928730551704699E+01,  4.922405762981494E+01,  8.994495144437578E+04,
2407352.500000000, A.D. 1879-Jan-03 00:00:00.0000,  2.519716532022726E-01,  2.942999771557640E+01,  1.698604168100406E+01,  1.110474637760072E+02,  1.141066716634369E+02,  2.448010127450727E+06,  3.993887400063869E-03,  1.976180140080484E+02,  1.909216127087542E+02,  3.934342574257349E+01,  4.925685376957058E+01,  9.013774399204219E+04,
2407717.500000000, A.D. 1880-Jan-03 00:00:00.0000,  2.469199093400863E-01,  2.979060365663070E+01,  1.699492885729401E+01,  1.109775374397365E+02,  1.128662227253247E+02,  2.447862311631758E+06,  3.961383326631684E-03,  2.009710125511826E+02,  1.931450392439253E+02,  3.955834714807771E+01,  4.932609063952472E+01,  9.087734518893519E+04,
2408083.500000000, A.D. 1881-Jan-03 00:00:00.0000,  2.371868271200144E-01,  3.042572464421454E+01,  1.729384581232884E+01,  1.096370319045407E+02,  1.135054186209692E+02,  2.448204937532876E+06,  3.912640587983193E-03,  2.030192350606373E+02,  1.947091294080978E+02,  3.988620769269472E+01,  4.934669074117489E+01,  9.200947337347061E+04,
2408448.500000000, A.D. 1882-Jan-03 00:00:00.0000,  2.376663213549872E-01,  3.036586250140316E+01,  1.731038650913706E+01,  1.095922737293486E+02,  1.142594139406522E+02,  2.448400733028341E+06,  3.920516657755326E-03,  2.033666048978689E+02,  1.949209054218776E+02,  3.983277054658802E+01,  4.929967859177287E+01,  9.182463216624013E+04,
2408813.500000000, A.D. 1883-Jan-03 00:00:00.0000,  2.428112083203594E-01,  3.001542709990483E+01,  1.717943420698496E+01,  1.101489696445444E+02,  1.143753735766528E+02,  2.448311412418569E+06,  3.949058335102032E-03,  2.040204397443215E+02,  1.951988225027605E+02,  3.964061199760083E+01,  4.926579689529682E+01,  9.116097293374082E+04,
2409178.500000000, A.D. 1884-Jan-03 00:00:00.0000,  2.488709425762486E-01,  2.964238569833603E+01,  1.699444668555276E+01,  1.109060827251416E+02,  1.135960033114101E+02,  2.447956620226112E+06,  3.975632104004190E-03,  2.058324602961342E+02,  1.961818925446174E+02,  3.946377177845378E+01,  4.928515785857153E+01,  9.055163822563311E+04,
2409544.500000000, A.D. 1885-Jan-03 00:00:00.0000,  2.487986957525478E-01,  2.974966923520383E+01,  1.696799316645378E+01,  1.109972424598275E+02,  1.115058362170478E+02,  2.447370314008222E+06,  3.954716565036935E-03,  2.104096267556780E+02,  1.991163062996369E+02,  3.960279231012096E+01,  4.945591538503809E+01,  9.103054392891434E+04,
2409909.500000000, A.D. 1886-Jan-03 00:00:00.0000,  2.467102237936133E-01,  2.989277176448190E+01,  1.716193390855317E+01,  1.102427798859894E+02,  1.119772823146055E+02,  2.447417030181311E+06,  3.942737882596590E-03,  2.121176398715098E+02,  2.002965188101693E+02,  3.968296492091493E+01,  4.947315807734795E+01,  9.130710960752805E+04,
2410274.500000000, A.D. 1887-Jan-03 00:00:00.0000,  2.463709406934229E-01,  2.986253632486824E+01,  1.733423113582463E+01,  1.096344683103946E+02,  1.134579855160392E+02,  2.447692151920795E+06,  3.951395427701742E-03,  2.121480612848342E+02,  2.003289812611164E+02,  3.962497989706649E+01,  4.938742346926473E+01,  9.110705485869013E+04,
2410639.500000000, A.D. 1888-Jan-03 00:00:00.0000,  2.491517885079761E-01,  2.960801935515540E+01,  1.735439904390524E+01,  1.095876344118067E+02,  1.150048048206532E+02,  2.447965584840059E+06,  3.980322551940952E-03,  2.114301427354509E+02,  1.997614127367364E+02,  3.943276271021644E+01,  4.925750606527750E+01,  9.044493135975896E+04,
2411005.500000000, A.D. 1889-Jan-03 00:00:00.0000,  2.566096132938328E-01,  2.910975324132837E+01,  1.700492327000304E+01,  1.107870575050227E+02,  1.147546891792203E+02,  2.447819513163333E+06,  4.022274449703131E-03,  2.119239354620898E+02,  1.998057908359574E+02,  3.915809749747853E+01,  4.920644175362870E+01,  8.950160027657243E+04,
2411370.500000000, A.D. 1890-Jan-03 00:00:00.0000,  2.545079148550421E-01,  2.928958267319484E+01,  1.694340857578531E+01,  1.109763554457476E+02,  1.136563953087604E+02,  2.447675778402371E+06,  4.002200621411312E-03,  2.146989922175207E+02,  2.016645496333454E+02,  3.928892506953927E+01,  4.928826746588369E+01,  8.995051324364936E+04,
2411735.500000000, A.D. 1891-Jan-03 00:00:00.0000,  2.484066657953053E-01,  2.973010819845908E+01,  1.704900569640683E+01,  1.106081268832412E+02,  1.128040981988087E+02,  2.447676352231185E+06,  3.961719474162110E-03,  2.176124257977316E+02,  2.038152777792157E+02,  3.955610946166555E+01,  4.938211072487202E+01,  9.086963434636893E+04,
2412100.500000000, A.D. 1892-Jan-03 00:00:00.0000,  2.421428573894382E-01,  3.014396703941201E+01,  1.724105960927565E+01,  1.100068896317605E+02,  1.127757685666552E+02,  2.447851753159358E+06,  3.929022248742919E-03,  2.195325309164410E+02,  2.053698267570968E+02,  3.977526283591684E+01,  4.940655863242167E+01,  9.162584918300758E+04,
2412466.500000000, A.D. 1893-Jan-03 00:00:00.0000,  2.427768819443011E-01,  2.998030535916672E+01,  1.731537980239098E+01,  1.098006013472854E+02,  1.148063513969393E+02,  2.448291873480285E+06,  3.956268827728584E-03,  2.182651916582150E+02,  2.044961609364527E+02,  3.959243272464571E+01,  4.920456009012470E+01,  9.099482762062128E+04,
2412831.500000000, A.D. 1894-Jan-03 00:00:00.0000,  2.468451097061626E-01,  2.971594343268534E+01,  1.710232078506544E+01,  1.104243723288943E+02,  1.145403077785024E+02,  2.448161078692887E+06,  3.976914383284015E-03,  2.194972903408909E+02,  2.051289488952968E+02,  3.945528843488210E+01,  4.919463343707886E+01,  9.052244159773007E+04,
2413196.500000000, A.D. 1895-Jan-03 00:00:00.0000,  2.500603505187480E-01,  2.957404064579426E+01,  1.690401255114790E+01,  1.109853770545570E+02,  1.133635852716497E+02,  2.447832692402083E+06,  3.979949397833287E-03,  2.221497069060896E+02,  2.067364292464929E+02,  3.943522744296985E+01,  4.929641424014544E+01,  9.045341134135688E+04,
2413561.500000000, A.D. 1896-Jan-03 00:00:00.0000,  2.503292076301882E-01,  2.965685013348387E+01,  1.686984706166102E+01,  1.110610326345968E+02,  1.120324133168263E+02,  2.447514392006585E+06,  3.961160390659155E-03,  2.255071490351856E+02,  2.089665001725615E+02,  3.955983137576231E+01,  4.946281261804075E+01,  9.088245980872649E+04,
2413927.500000000, A.D. 1897-Jan-03 00:00:00.0000,  2.449504598977752E-01,  3.004575299219996E+01,  1.726379491604666E+01,  1.100077829759650E+02,  1.120444670039693E+02,  2.447550392858082E+06,  3.926382519382382E-03,  2.279836612309602E+02,  2.109390346338064E+02,  3.979308826296632E+01,  4.954042353373269E+01,  9.168744976396947E+04,
2414292.500000000, A.D. 1898-Jan-03 00:00:00.0000,  2.472132596252161E-01,  2.979578560230701E+01,  1.738771853730280E+01,  1.097188826047866E+02,  1.137850471567007E+02,  2.447779766113912E+06,  3.958036142318060E-03,  2.274561904137140E+02,  2.104529783120629E+02,  3.958064615680242E+01,  4.936550671129783E+01,  9.095419724721430E+04,
2414657.500000000, A.D. 1899-Jan-03 00:00:00.0000,  2.521769957401281E-01,  2.937217824887781E+01,  1.731648716039895E+01,  1.099063769811293E+02,  1.153315557782138E+02,  2.447934038990538E+06,  4.004036922502359E-03,  2.267595092287962E+02,  2.097102232075848E+02,  3.927691189166846E+01,  4.918164553445912E+01,  8.990926082045585E+04,
2415022.500000000, A.D. 1900-Jan-03 00:00:00.0000,  2.566894641330668E-01,  2.904426596897548E+01,  1.711483465236720E+01,  1.103824422161921E+02,  1.157695054964453E+02,  2.447916705814122E+06,  4.035235639574012E-03,  2.272641283633705E+02,  2.098047806543846E+02,  3.907420192167834E+01,  4.910413787438120E+01,  8.921412084821994E+04,
2415387.500000000, A.D. 1901-Jan-03 00:00:00.0000,  2.572408267067383E-01,  2.904805586707614E+01,  1.694984947980623E+01,  1.107510829072690E+02,  1.150032779541695E+02,  2.447793950572320E+06,  4.029957859451907E-03,  2.294033698191382E+02,  2.112110727698942E+02,  3.910830981498653E+01,  4.916856376289692E+01,  8.933095892197783E+04,
2415752.500000000, A.D. 1902-Jan-03 00:00:00.0000,  2.530252262483109E-01,  2.939537545462312E+01,  1.695951279945936E+01,  1.107092046309320E+02,  1.137433162228007E+02,  2.447708069209815E+06,  3.992495736194056E-03,  2.324175261821575E+02,  2.135098316722448E+02,  3.935256783436543E+01,  4.930976021410775E+01,  9.016916329713573E+04,
2416117.500000000, A.D. 1903-Jan-03 00:00:00.0000,  2.466423589865341E-01,  2.985731548907379E+01,  1.713894785427448E+01,  1.103142567193348E+02,  1.129029817149082E+02,  2.447749353190477E+06,  3.950296880940741E-03,  2.350447890032829E+02,  2.157336974932919E+02,  3.963232582191346E+01,  4.940733615475313E+01,  9.113239102025871E+04,
2416482.500000000, A.D. 1904-Jan-03 00:00:00.0000,  2.416948688072887E-01,  3.015304012904019E+01,  1.734363513571072E+01,  1.099100666762084E+02,  1.130129054787164E+02,  2.447924015052208E+06,  3.930731769503996E-03,  2.364118379029468E+02,  2.170237300719571E+02,  3.976372951823963E+01,  4.937441890743906E+01,  9.158600004024873E+04,
2416848.500000000, A.D. 1905-Jan-03 00:00:00.0000,  2.450240870167506E-01,  2.975505850391015E+01,  1.726851946541731E+01,  1.100652415527236E+02,  1.151783026438190E+02,  2.448253337069002E+06,  3.983478766166290E-03,  2.348994983807184E+02,  2.157352504323667E+02,  3.941193088708556E+01,  4.906880327026096E+01,  9.037326947934630E+04,
2417213.500000000, A.D. 1906-Jan-03 00:00:00.0000,  2.479348856186759E-01,  2.961110988116667E+01,  1.700863322042957E+01,  1.105510807459195E+02,  1.145648222238806E+02,  2.448085509365391E+06,  3.989378218528780E-03,  2.368398782754928E+02,  2.169149005845914E+02,  3.937306665996049E+01,  4.913502343875430E+01,  9.023962639791078E+04,
2417578.500000000, A.D. 1907-Jan-03 00:00:00.0000,  2.488222934591463E-01,  2.969180720493075E+01,  1.684001839165011E+01,  1.108462005415510E+02,  1.129861908162996E+02,  2.447783852015315E+06,  3.966095460697833E-03,  2.402026904832785E+02,  2.192492435940306E+02,  3.952700798544788E+01,  4.936220876596502E+01,  9.076937344736986E+04,
2417943.500000000, A.D. 1908-Jan-03 00:00:00.0000,  2.474954222342006E-01,  2.992937772291415E+01,  1.688847924415379E+01,  1.107415443537367E+02,  1.114695975159921E+02,  2.447529736693095E+06,  3.929354968913539E-03,  2.437451738385330E+02,  2.219110718634917E+02,  3.977301747688372E+01,  4.961665723085329E+01,  9.161809071669070E+04,
2418309.500000000, A.D. 1909-Jan-03 00:00:00.0000,  2.437575874861780E-01,  3.014188152385871E+01,  1.734085630085600E+01,  1.100010100759600E+02,  1.119860921456872E+02,  2.447655177252975E+06,  3.916878346940879E-03,  2.450565521915075E+02,  2.231570034192718E+02,  3.985743331118420E+01,  4.957298509850968E+01,  9.190992625062342E+04,
2418674.500000000, A.D. 1910-Jan-03 00:00:00.0000,  2.470700248451402E-01,  2.976803484125803E+01,  1.738898431774661E+01,  1.099464244599216E+02,  1.139607681820264E+02,  2.447876477341202E+06,  3.964703446493584E-03,  2.442228197909088E+02,  2.222927576748320E+02,  3.953625944449276E+01,  4.930448404772750E+01,  9.080124273062260E+04,
2419039.500000000, A.D. 1911-Jan-03 00:00:00.0000,  2.520531536063431E-01,  2.933254776546602E+01,  1.723634750152083E+01,  1.101805364601915E+02,  1.154515676455153E+02,  2.447984377205230E+06,  4.013150978044027E-03,  2.438398377344685E+02,  2.216435639742109E+02,  3.921742287823995E+01,  4.910229799101388E+01,  8.970507263981896E+04,
2419404.500000000, A.D. 1912-Jan-03 00:00:00.0000,  2.550782586071597E-01,  2.913958799625830E+01,  1.700934413887798E+01,  1.104977192818346E+02,  1.155240345054775E+02,  2.447924699288869E+06,  4.028514578108698E-03,  2.451059613942272E+02,  2.223403462337594E+02,  3.911765005243863E+01,  4.909571210861895E+01,  8.936296320144195E+04,
2419770.500000000, A.D. 1913-Jan-03 00:00:00.0000,  2.505593900032838E-01,  2.966299859800893E+01,  1.700666459096610E+01,  1.104891753745018E+02,  1.128145124304733E+02,  2.447620710524263E+06,  3.958105194689631E-03,  2.497659370507131E+02,  2.261413544273699E+02,  3.958018581103965E+01,  4.949737302407037E+01,  9.095261047710200E+04,
2420135.500000000, A.D. 1914-Jan-03 00:00:00.0000,  2.460963703875265E-01,  2.994373601207242E+01,  1.724961892257238E+01,  1.101794170860952E+02,  1.125544255833576E+02,  2.447702906332141E+06,  3.937484422324908E-03,  2.514537670032927E+02,  2.277867814795782E+02,  3.971825421170116E+01,  4.949277241132990E+01,  9.142893314291161E+04,
2420500.500000000, A.D. 1915-Jan-03 00:00:00.0000,  2.434857469743076E-01,  2.999188802682078E+01,  1.742500917406880E+01,  1.099882565559681E+02,  1.134177656209240E+02,  2.447925050737873E+06,  3.948426321464700E-03,  2.517161820122382E+02,  2.282051877304279E+02,  3.964484199321782E+01,  4.929779595961485E+01,  9.117556481754361E+04,
2420865.500000000, A.D. 1916-Jan-03 00:00:00.0000,  2.440471739187248E-01,  2.981728500606510E+01,  1.739036489075923E+01,  1.100434286378200E+02,  1.146580395719912E+02,  2.448125689113059E+06,  3.978725459960544E-03,  2.515391915325319E+02,  2.280224016078829E+02,  3.944331442033572E+01,  4.906934383460634E+01,  9.048123667310535E+04,
2421231.500000000, A.D. 1917-Jan-03 00:00:00.0000,  2.485296681273153E-01,  2.958430706325122E+01,  1.690863455797035E+01,  1.105440935910467E+02,  1.143534005040180E+02,  2.447981847538936E+06,  3.990062807687775E-03,  2.532644331921671E+02,  2.289732639744278E+02,  3.936856294715763E+01,  4.915281883106404E+01,  9.022414366670547E+04,
2421596.500000000, A.D. 1918-Jan-03 00:00:00.0000,  2.473270325529901E-01,  2.989487330376919E+01,  1.682103584247671E+01,  1.106135826617553E+02,  1.121358083105407E+02,  2.447670157055379E+06,  3.937481054915688E-03,  2.573354693120749E+02,  2.322572996425160E+02,  3.971827685690580E+01,  4.954168041004240E+01,  9.142901133468654E+04,
2421961.500000000, A.D. 1919-Jan-03 00:00:00.0000,  2.455412438123639E-01,  3.020399645742063E+01,  1.696066873514543E+01,  1.104702979805148E+02,  1.104119226172787E+02,  2.447435657645821E+06,  3.890995372162157E-03,  2.608801704903834E+02,  2.352621777056881E+02,  4.003399285872800E+01,  4.986398926003537E+01,  9.252131281769024E+04,
2422326.500000000, A.D. 1920-Jan-03 00:00:00.0000,  2.445931393216579E-01,  3.028001280821066E+01,  1.721099791078841E+01,  1.102630852537360E+02,  1.103421582833599E+02,  2.447428692521796E+06,  3.883661598111929E-03,  2.625115788746886E+02,  2.366842926610887E+02,  4.008437622742759E+01,  4.988873964664453E+01,  9.269602690796148E+04,
2422692.500000000, A.D. 1921-Jan-03 00:00:00.0000,  2.483600992032958E-01,  2.967187293996344E+01,  1.731061670442671E+01,  1.102010577136895E+02,  1.139838663834213E+02,  2.447864036183960E+06,  3.973757624910344E-03,  2.599744161582808E+02,  2.342692508635057E+02,  3.947618122522845E+01,  4.928048951049346E+01,  9.059435274644417E+04,
2423057.500000000, A.D. 1922-Jan-03 00:00:00.0000,  2.529498145175035E-01,  2.931230497244304E+01,  1.709793204357759E+01,  1.103501139886190E+02,  1.151228974608738E+02,  2.447903285359489E+06,  4.010086921942079E-03,  2.603662410645339E+02,  2.341619124113809E+02,  3.923739735572267E+01,  4.916248973900230E+01,  8.977361513791139E+04,
2423422.500000000, A.D. 1923-Jan-03 00:00:00.0000,  2.550051886751489E-01,  2.925921431556317E+01,  1.691007743246760E+01,  1.104555080062896E+02,  1.147374944370330E+02,  2.447789192087020E+06,  4.004423093666613E-03,  2.624254554904747E+02,  2.356305987735617E+02,  3.927438670818452E+01,  4.928955910080587E+01,  8.990059031708594E+04,
2423787.500000000, A.D. 1924-Jan-03 00:00:00.0000,  2.538048532980618E-01,  2.947306918265883E+01,  1.690934151518830E+01,  1.104373647235457E+02,  1.134778280782744E+02,  2.447638008166854E+06,  3.970495060574480E-03,  2.653016751313129E+02,  2.381021479260036E+02,  3.949780337345401E+01,  4.952253756424920E+01,  9.066879432105692E+04,
2424153.500000000, A.D. 1925-Jan-03 00:00:00.0000,  2.482696177666229E-01,  2.980989589710882E+01,  1.736448933126509E+01,  1.102249278153844E+02,  1.128340828518504E+02,  2.447688682519380E+06,  3.946903798575801E-03,  2.671088987140867E+02,  2.401579992599398E+02,  3.965503670151546E+01,  4.950017750592210E+01,  9.121073590136711E+04,
2424518.500000000, A.D. 1926-Jan-03 00:00:00.0000,  2.474364276301971E-01,  2.961335957834751E+01,  1.746954794670496E+01,  1.102019352887549E+02,  1.146629324912560E+02,  2.447982076649867E+06,  3.992889982795353E-03,  2.663125198341971E+02,  2.395690786669009E+02,  3.934997741798188E+01,  4.908659525761624E+01,  9.016026025038894E+04,
2424883.500000000, A.D. 1927-Jan-03 00:00:00.0000,  2.484535010444227E-01,  2.936532765075954E+01,  1.734393768347947E+01,  1.102559579891612E+02,  1.162409362815353E+02,  2.448187933670475E+06,  4.035390645263701E-03,  2.659575063729977E+02,  2.391709318535287E+02,  3.907320131431452E+01,  4.878107497786950E+01,  8.921069399378434E+04,
2425248.500000000, A.D. 1928-Jan-03 00:00:00.0000,  2.495027069935490E-01,  2.931967489007657E+01,  1.707863868455616E+01,  1.103217053951788E+02,  1.161981749488062E+02,  2.448156190693622E+06,  4.036352111898977E-03,  2.675364942900699E+02,  2.403969118806128E+02,  3.906699619478115E+01,  4.881431749948572E+01,  8.918944383933622E+04,
2425614.500000000, A.D. 1929-Jan-03 00:00:00.0000,  2.477507559603434E-01,  2.989079869843476E+01,  1.690699862271408E+01,  1.103387666641384E+02,  1.122892376159922E+02,  2.447651343357143E+06,  3.934961029491134E-03,  2.732858801766419E+02,  2.455544659628342E+02,  3.973523261773992E+01,  4.957966653704509E+01,  9.148756424826776E+04,
2425979.500000000, A.D. 1930-Jan-03 00:00:00.0000,  2.456627647206806E-01,  3.018624947155465E+01,  1.710148804253229E+01,  1.103122839251452E+02,  1.106687847032131E+02,  2.447478250588580E+06,  3.893486368387823E-03,  2.762949076459965E+02,  2.484774983681546E+02,  4.001691559130995E+01,  4.984758171106526E+01,  9.246211902086748E+04,
2426344.500000000, A.D. 1931-Jan-03 00:00:00.0000,  2.448525539433407E-01,  3.017027673383181E+01,  1.731272875399624E+01,  1.103171481286194E+02,  1.110035703666108E+02,  2.447548744806935E+06,  3.902858191099573E-03,  2.772428394691726E+02,  2.494308112948848E+02,  3.995282893609643E+01,  4.973538113836104E+01,  9.224009235615483E+04,
2426709.500000000, A.D. 1932-Jan-03 00:00:00.0000,  2.462781248364295E-01,  2.986189403309757E+01,  1.737484171878735E+01,  1.103391753572059E+02,  1.129237774470886E+02,  2.447781102357920E+06,  3.952252930887063E-03,  2.767196978224247E+02,  2.487973607853705E+02,  3.961924818304767E+01,  4.937660233299776E+01,  9.108728775594832E+04,
2427075.500000000, A.D. 1933-Jan-03 00:00:00.0000,  2.519069246266132E-01,  2.941076226722371E+01,  1.698359226458617E+01,  1.102884284407056E+02,  1.148658078498916E+02,  2.447892392614524E+06,  3.998325129112410E-03,  2.767672951493137E+02,  2.482299358573236E+02,  3.931430892144574E+01,  4.921785557566776E+01,  9.003770038078832E+04,
2427440.500000000, A.D. 1934-Jan-03 00:00:00.0000,  2.532040077062532E-01,  2.952629073736265E+01,  1.687399665565745E+01,  1.102472590581612E+02,  1.137111114795840E+02,  2.447699608349529E+06,  3.964548229821365E-03,  2.796817878551165E+02,  2.507610958886626E+02,  3.953729136477302E+01,  4.954829199218339E+01,  9.080479770483733E+04,
2427805.500000000, A.D. 1935-Jan-03 00:00:00.0000,  2.523476058327691E-01,  2.974459575650809E+01,  1.697382282628847E+01,  1.102596448022403E+02,  1.123053389767632E+02,  2.447536413187834E+06,  3.927729416277205E-03,  2.825023118621352E+02,  2.535068124420763E+02,  3.978399051291606E+01,  4.982338526932403E+01,  9.165600830548468E+04,
2428170.500000000, A.D. 1936-Jan-03 00:00:00.0000,  2.499723683650175E-01,  2.985554447244207E+01,  1.721110256359609E+01,  1.103447290715723E+02,  1.119762395506221E+02,  2.447560111428595E+06,  3.924483223045548E-03,  2.839057952471056E+02,  2.551215124614930E+02,  3.980592609282951E+01,  4.975630771321696E+01,  9.173182290243715E+04,
2428536.500000000, A.D. 1937-Jan-03 00:00:00.0000,  2.480099632508307E-01,  2.943912264193993E+01,  1.741997810465033E+01,  1.104511209895896E+02,  1.154783882642044E+02,  2.448082510188469E+06,  4.023786330883175E-03,  2.813510313803335E+02,  2.529043543717395E+02,  3.914828814648182E+01,  4.885745365102371E+01,  8.946797130775682E+04,
2428901.500000000, A.D. 1938-Jan-03 00:00:00.0000,  2.488466422726936E-01,  2.922863952793165E+01,  1.723401004011375E+01,  1.103627153163169E+02,  1.169518572805912E+02,  2.448243311547885E+06,  4.060542803366841E-03,  2.814617463151587E+02,  2.529149275749675E+02,  3.891168058725847E+01,  4.859472164658528E+01,  8.865809755816446E+04,
2429266.500000000, A.D. 1939-Jan-03 00:00:00.0000,  2.491783613724845E-01,  2.931443169827229E+01,  1.699923010521992E+01,  1.102074697098505E+02,  1.163717655771681E+02,  2.448140215129459E+06,  4.040052671929539E-03,  2.837491967619904E+02,  2.550612442931190E+02,  3.904313646561705E+01,  4.877184123296180E+01,  8.910774913933563E+04,
2429631.500000000, A.D. 1940-Jan-03 00:00:00.0000,  2.485886480396403E-01,  2.965150348457193E+01,  1.689277624208778E+01,  1.101095184813233E+02,  1.140657708510363E+02,  2.447842446527621E+06,  3.976038896218249E-03,  2.875925682692295E+02,  2.588984011093063E+02,  3.946108001591142E+01,  4.927065654725091E+01,  9.054237380383996E+04,
2429997.500000000, A.D. 1941-Jan-03 00:00:00.0000,  2.453704493255260E-01,  3.011299690527033E+01,  1.721328898506346E+01,  1.103661653928301E+02,  1.110364546982112E+02,  2.447542811424995E+06,  3.909973534317586E-03,  2.913982966769109E+02,  2.631446408463016E+02,  3.990434363239008E+01,  4.969569035950983E+01,  9.207223446407069E+04,
2430362.500000000, A.D. 1942-Jan-03 00:00:00.0000,  2.444472846254298E-01,  3.002082290218497E+01,  1.733795811597939E+01,  1.104929106559084E+02,  1.117987027218396E+02,  2.447676173373205E+06,  3.935204830016653E-03,  2.918671489164317E+02,  2.637409388312243E+02,  3.973359143749745E+01,  4.944635997280992E+01,  9.148189625455315E+04,
2430727.500000000, A.D. 1943-Jan-03 00:00:00.0000,  2.457819756920303E-01,  2.976815934398997E+01,  1.728936974306579E+01,  1.104657502431226E+02,  1.134664493066641E+02,  2.447863966994067E+06,  3.974856580306826E-03,  2.918850014054231E+02,  2.635999419660836E+02,  3.946890472592942E+01,  4.916965010786887E+01,  9.056930551497055E+04,
2431092.500000000, A.D. 1944-Jan-03 00:00:00.0000,  2.488993694458329E-01,  2.958292058996405E+01,  1.710210036026113E+01,  1.102707328467168E+02,  1.144251774711729E+02,  2.447905084646502E+06,  3.987398981263790E-03,  2.929615171081292E+02,  2.643492421959098E+02,  3.938609473425362E+01,  4.918926887854319E+01,  9.028441891357946E+04,
2431458.500000000, A.D. 1945-Jan-03 00:00:00.0000,  2.532839684248523E-01,  2.984878943358692E+01,  1.688776866044301E+01,  1.099971377396266E+02,  1.118321576107238E+02,  2.447466002522004E+06,  3.899843732403437E-03,  2.975732416181316E+02,  2.687504106922626E+02,  3.997341448612384E+01,  5.009803953866077E+01,  9.231139109723645E+04,
2431823.500000000, A.D. 1946-Jan-03 00:00:00.0000,  2.533025913041966E-01,  2.998470615877946E+01,  1.704896440888099E+01,  1.101960415345073E+02,  1.106147162034412E+02,  2.447335413934955E+06,  3.873212686798962E-03,  2.999190581505991E+02,  2.713402179815625E+02,  4.015643527028084E+01,  5.032816438178222E+01,  9.294609646069395E+04,
2432188.500000000, A.D. 1947-Jan-03 00:00:00.0000,  2.511836118990466E-01,  2.993237695262578E+01,  1.726536554848951E+01,  1.105037324619717E+02,  1.110830946677543E+02,  2.447466012113799E+06,  3.899916219194547E-03,  3.004189827184538E+02,  2.721606764027653E+02,  3.997291916718893E+01,  5.001346138175209E+01,  9.230967532793591E+04,
2432553.500000000, A.D. 1948-Jan-03 00:00:00.0000,  2.487261077019567E-01,  2.968976034922872E+01,  1.738157234118288E+01,  1.106962996505026E+02,  1.132000538761983E+02,  2.447796657226245E+06,  3.967267481209346E-03,  2.995263180253552E+02,  2.714631124858099E+02,  3.951922282087008E+01,  4.934868529251143E+01,  9.074255812221182E+04,
2432919.500000000, A.D. 1949-Jan-03 00:00:00.0000,  2.499560032405140E-01,  2.931523997823186E+01,  1.711779762796086E+01,  1.102784612796579E+02,  1.163047429137305E+02,  2.448118882964035E+06,  4.033610917399459E-03,  2.986916029385307E+02,  2.703860719722427E+02,  3.908469383780999E+01,  4.885414769738813E+01,  8.925005593551358E+04,
2433284.500000000, A.D. 1950-Jan-03 00:00:00.0000,  2.507626670031683E-01,  2.944473769437366E+01,  1.697286847440245E+01,  1.100040246143099E+02,  1.154239904463882E+02,  2.447964363865813E+06,  4.000567979275026E-03,  3.012722066783112E+02,  2.731751871899920E+02,  3.929961361722238E+01,  4.915448954007110E+01,  8.998722228068186E+04,
2433649.500000000, A.D. 1951-Jan-03 00:00:00.0000,  2.505986678516716E-01,  2.970677832104493E+01,  1.697409930991319E+01,  1.099815308317496E+02,  1.134085886285851E+02,  2.447710083338980E+06,  3.949048188966770E-03,  3.044740788293856E+02,  2.768811655326705E+02,  3.964067989562245E+01,  4.957458147019998E+01,  9.116120715006784E+04,
2434014.500000000, A.D. 1952-Jan-03 00:00:00.0000,  2.491487381431944E-01,  2.991453166847764E+01,  1.710647844825966E+01,  1.102382622981149E+02,  1.117153518480576E+02,  2.447543135348035E+06,  3.919328230190756E-03,  3.069768375644873E+02,  2.800225723512357E+02,  3.984082226152352E+01,  4.976711285456940E+01,  9.185247543875103E+04,
2434380.500000000, A.D. 1953-Jan-03 00:00:00.0000,  2.445914507337419E-01,  2.973789852307944E+01,  1.731979293680236E+01,  1.107068808640309E+02,  1.134227709304097E+02,  2.447876313030817E+06,  3.990354740965972E-03,  3.061469184892887E+02,  2.795917597735462E+02,  3.936664279476900E+01,  4.899538706645856E+01,  9.021754289265329E+04,
2434745.500000000, A.D. 1954-Jan-03 00:00:00.0000,  2.459832683758535E-01,  2.959667150407173E+01,  1.720585367379026E+01,  1.104694081915527E+02,  1.146050501011595E+02,  2.447981334625833E+06,  4.007847991647560E-03,  3.069527867770772E+02,  2.803824052075063E+02,  3.925200895783932E+01,  4.890734641160690E+01,  8.982376595875082E+04,
2435110.500000000, A.D. 1955-Jan-03 00:00:00.0000,  2.497749683946383E-01,  2.958623693468616E+01,  1.703592824458247E+01,  1.100501952235329E+02,  1.145352327436275E+02,  2.447877926980963E+06,  3.979759285862080E-03,  3.091887139159439E+02,  2.826257446822113E+02,  3.943648330605063E+01,  4.928672967741511E+01,  9.045773227513637E+04,
2435475.500000000, A.D. 1956-Jan-03 00:00:00.0000,  2.540555778958246E-01,  2.970868458324766E+01,  1.694239041912662E+01,  1.097766969668258E+02,  1.131848046609892E+02,  2.447627227854237E+06,  3.921377450917435E-03,  3.123484884027101E+02,  2.860370498331746E+02,  3.982694112712150E+01,  4.994519767099533E+01,  9.180447546965300E+04,
2435841.500000000, A.D. 1957-Jan-03 00:00:00.0000,  2.548436984506355E-01,  2.994654517775238E+01,  1.714185819495830E+01,  1.103307445257600E+02,  1.105144388975624E+02,  2.447341891887495E+06,  3.868610917229065E-03,  3.155094583916252E+02,  2.900080182362868E+02,  4.018827340718463E+01,  5.043000163661689E+01,  9.305665720910853E+04,
2436206.500000000, A.D. 1958-Jan-03 00:00:00.0000,  2.518178091587346E-01,  2.981881309053912E+01,  1.728243793666170E+01,  1.107623955360258E+02,  1.115781504839960E+02,  2.447561835754662E+06,  3.917234724738491E-03,  3.155184844707742E+02,  2.903827547313088E+02,  3.985501587121511E+01,  4.989121865189109E+01,  9.190156457219526E+04,
2436571.500000000, A.D. 1959-Jan-03 00:00:00.0000,  2.491459232660809E-01,  2.959329044771419E+01,  1.730848795975376E+01,  1.108739691905342E+02,  1.138051092963834E+02,  2.447888490863064E+06,  3.983341170665017E-03,  3.149205643671153E+02,  2.899250584618669E+02,  3.941283847913527E+01,  4.923238651055635E+01,  9.037639121930853E+04,
2436936.500000000, A.D. 1960-Jan-03 00:00:00.0000,  2.486923377709118E-01,  2.942261171264346E+01,  1.721341258436562E+01,  1.105779018894812E+02,  1.156905928929783E+02,  2.448098861957704E+06,  4.021693522637854E-03,  3.151084012173612E+02,  2.902229152848014E+02,  3.916186828888208E+01,  4.890112486512071E+01,  8.951452863665100E+04,
2437302.500000000, A.D. 1961-Jan-03 00:00:00.0000,  2.529094528144905E-01,  2.956365755909088E+01,  1.701938765547648E+01,  1.098524014396983E+02,  1.145922582992729E+02,  2.447832558319951E+06,  3.959375511845158E-03,  3.183075449496852E+02,  2.939453924079459E+02,  3.957171947960674E+01,  4.957978140012261E+01,  9.092342944562787E+04,
2437667.500000000, A.D. 1962-Jan-03 00:00:00.0000,  2.515742103485220E-01,  2.970148520675344E+01,  1.707989960486707E+01,  1.100611980640117E+02,  1.132488759940687E+02,  2.447693205634472E+06,  3.942393243827944E-03,  3.204747258420475E+02,  2.970399935852253E+02,  3.968527757519504E+01,  4.966906994363664E+01,  9.131509155348770E+04,
2438032.500000000, A.D. 1963-Jan-03 00:00:00.0000,  2.475936996377138E-01,  2.975571853758620E+01,  1.719237427388251E+01,  1.105260982528230E+02,  1.126880593374677E+02,  2.447705246229059E+06,  3.963027149399737E-03,  3.216666440849856E+02,  2.991335275337653E+02,  3.954740746224309E+01,  4.933909638689997E+01,  9.083965020389216E+04,
2438397.500000000, A.D. 1964-Jan-03 00:00:00.0000,  2.433302353693487E-01,  2.970072738301257E+01,  1.726498025662062E+01,  1.108724770870203E+02,  1.133465473281977E+02,  2.447865199215204E+06,  4.007864386269476E-03,  3.220547454954731E+02,  3.001485222516208E+02,  3.925190191458253E+01,  4.880307644615248E+01,  8.982339852449157E+04,
2438763.500000000, A.D. 1965-Jan-03 00:00:00.0000,  2.437444446302056E-01,  2.952323584419946E+01,  1.714212206294333E+01,  1.103065540241906E+02,  1.156783176029853E+02,  2.448101595090852E+06,  4.040740945541080E-03,  3.222671768130396E+02,  3.003957848318776E+02,  3.903870276994286E+01,  4.855416969568626E+01,  8.909257110314300E+04,
2439128.500000000, A.D. 1966-Jan-03 00:00:00.0000,  2.488196984147989E-01,  2.961275326909833E+01,  1.704162680526112E+01,  1.097560344582644E+02,  1.147766310955358E+02,  2.447880698353857E+06,  3.982008468296347E-03,  3.251486720387313E+02,  3.038858172118191E+02,  3.942163180611514E+01,  4.923051034313196E+01,  9.040663847558855E+04,
2439493.500000000, A.D. 1967-Jan-03 00:00:00.0000,  2.538227807265545E-01,  2.974790109921762E+01,  1.702120106124590E+01,  1.095904438165926E+02,  1.130232329684330E+02,  2.447596489851412E+06,  3.915457919042053E-03,  3.282730842183727E+02,  3.078889249405983E+02,  3.986707223276424E+01,  4.998624336631086E+01,  9.194326881900872E+04,
2439858.500000000, A.D. 1968-Jan-03 00:00:00.0000,  2.556622261964709E-01,  2.983516249837125E+01,  1.708223502690075E+01,  1.099379527705868E+02,  1.115323543180342E+02,  2.447429714159374E+06,  3.883886704415417E-03,  3.305942619901272E+02,  3.111675852441813E+02,  4.008282737810692E+01,  5.033049225784259E+01,  9.269065433621741E+04,
2440224.500000000, A.D. 1969-Jan-03 00:00:00.0000,  2.495075337897237E-01,  2.972982494383661E+01,  1.722293728001809E+01,  1.109031221706302E+02,  1.123333564312554E+02,  2.447693836303530E+06,  3.953074987856736E-03,  3.304731534826265E+02,  3.115979373347581E+02,  3.961375534382351E+01,  4.949768574381041E+01,  9.106834580822954E+04,
2440589.500000000, A.D. 1970-Jan-03 00:00:00.0000,  2.491215448218132E-01,  2.960746894976976E+01,  1.719848085053817E+01,  1.107801274508047E+02,  1.139674919852689E+02,  2.447903182879250E+06,  3.980674040664107E-03,  3.308866124209218E+02,  3.122554908025600E+02,  3.943044143242033E+01,  4.925341391507091E+01,  9.043694518125885E+04,
2440954.500000000, A.D. 1971-Jan-03 00:00:00.0000,  2.514144779998029E-01,  2.955413576714151E+01,  1.713464204082444E+01,  1.102781010975362E+02,  1.149642375000824E+02,  2.447964704151078E+06,  3.973185247927394E-03,  3.321471602819793E+02,  3.139378845655493E+02,  3.947997242609474E+01,  4.940580908504796E+01,  9.060740376698857E+04,
2441319.500000000, A.D. 1972-Jan-03 00:00:00.0000,  2.542265262325702E-01,  2.958814864077192E+01,  1.708965402226198E+01,  1.098131779758692E+02,  1.148095413412562E+02,  2.447872437337003E+06,  3.944007985783972E-03,  3.341551628125197E+02,  3.167604945747369E+02,  3.967444496423455E+01,  4.976074128769719E+01,  9.127770564806319E+04,
2441685.500000000, A.D. 1973-Jan-03 00:00:00.0000,  2.529899535578214E-01,  2.971955910973151E+01,  1.713483325323772E+01,  1.102501756476658E+02,  1.126623853737547E+02,  2.447636180865168E+06,  3.927626627693527E-03,  3.366279473810586E+02,  3.207427995490991E+02,  3.978468462543217E+01,  4.984981014113283E+01,  9.165840700377565E+04,
2442050.500000000, A.D. 1974-Jan-03 00:00:00.0000,  2.466542065289668E-01,  2.969358011912464E+01,  1.717980953779704E+01,  1.108122189264623E+02,  1.128553379310359E+02,  2.447757515197180E+06,  3.982921822186502E-03,  3.372694046316014E+02,  3.222816983884532E+02,  3.941560486096532E+01,  4.913762960280601E+01,  9.038590664638528E+04,
2442415.500000000, A.D. 1975-Jan-03 00:00:00.0000,  2.418256124529753E-01,  2.963118935646874E+01,  1.718781427863287E+01,  1.110173308365734E+02,  1.139008529433217E+02,  2.447945882274064E+06,  4.033983460368414E-03,  3.376905293769109E+02,  3.233310057976441E+02,  3.908228745676391E+01,  4.853338555705908E+01,  8.924181359115490E+04,
2442780.500000000, A.D. 1976-Jan-03 00:00:00.0000,  2.417830832023772E-01,  2.959081252444751E+01,  1.716053223399214E+01,  1.106727100147723E+02,  1.149109867217363E+02,  2.448041805233910E+06,  4.042582991196714E-03,  3.387307369498995E+02,  3.249629393796089E+02,  3.902684293754111E+01,  4.846287335063471E+01,  8.905197513172888E+04,
2443146.500000000, A.D. 1977-Jan-03 00:00:00.0000,  2.503750695353828E-01,  2.965701565400700E+01,  1.711354877784627E+01,  1.095611102141628E+02,  1.143935206324240E+02,  2.447797124825647E+06,  3.960763745230973E-03,  3.415799737979074E+02,  3.288842878101655E+02,  3.956247244288634E+01,  4.946792923176568E+01,  9.089156111203661E+04,
2443511.500000000, A.D. 1978-Jan-03 00:00:00.0000,  2.534250478212026E-01,  2.972623540642221E+01,  1.712283167165652E+01,  1.096272941687802E+02,  1.128623538110006E+02,  2.447581679749901E+06,  3.922873727355556E-03,  3.440331987934978E+02,  3.327098119960671E+02,  3.981681319426729E+01,  4.990739098211237E+01,  9.176945908036636E+04,
2443876.500000000, A.D. 1979-Jan-03 00:00:00.0000,  2.531129475348993E-01,  2.975005699709256E+01,  1.713589124770385E+01,  1.101553920149035E+02,  1.117868487282227E+02,  2.447500086050793E+06,  3.920620157273633E-03,  3.457932954876469E+02,  3.356598895151940E+02,  3.983206951961812E+01,  4.991408204214366E+01,  9.182220810963260E+04,
2444241.500000000, A.D. 1980-Jan-03 00:00:00.0000,  2.511675499376883E-01,  2.972385533534025E+01,  1.713769559033397E+01,  1.107338678982879E+02,  1.118277796696845E+02,  2.447588385596356E+06,  3.941153506585846E-03,  3.468094100957795E+02,  3.374656442890206E+02,  3.969359945988836E+01,  4.966334358443647E+01,  9.134381581392953E+04,
2444607.500000000, A.D. 1981-Jan-03 00:00:00.0000,  2.531612585238426E-01,  2.964197711800873E+01,  1.713364734105192E+01,  1.105069287362850E+02,  1.140189837793697E+02,  2.447870262400875E+06,  3.941700127786150E-03,  3.471391690275346E+02,  3.379157352678333E+02,  3.968992966195102E+01,  4.973788220589331E+01,  9.133114857273363E+04,
2444972.500000000, A.D. 1982-Jan-03 00:00:00.0000,  2.584309766019172E-01,  2.964122987651868E+01,  1.714375381629597E+01,  1.099675536023789E+02,  1.144981302431161E+02,  2.447858389005131E+06,  3.900202142707503E-03,  3.487444495185734E+02,  3.403859661381751E+02,  3.997096553560723E+01,  5.030070119469578E+01,  9.230290811288299E+04,
2445337.500000000, A.D. 1983-Jan-03 00:00:00.0000,  2.612130005548120E-01,  2.966181017534328E+01,  1.715863975763683E+01,  1.097051949182946E+02,  1.141379636616427E+02,  2.447767720928689E+06,  3.874239504357658E-03,  3.505847420737589E+02,  3.434444917383087E+02,  4.014933965759904E+01,  5.063686913985480E+01,  9.292146228829685E+04,
2445702.500000000, A.D. 1984-Jan-03 00:00:00.0000,  2.589412592839713E-01,  2.967783109050123E+01,  1.715522281697065E+01,  1.099425152629551E+02,  1.133455600476095E+02,  2.447688288880662E+06,  3.888971749768373E-03,  3.522773231421022E+02,  3.464689887540694E+02,  4.004787941887817E+01,  5.041792774725511E+01,  9.256945618631496E+04,
2446068.500000000, A.D. 1985-Jan-03 00:00:00.0000,  2.485900951197153E-01,  2.966083661414570E+01,  1.709550204051506E+01,  1.110175842901144E+02,  1.131301426708375E+02,  2.447814318567202E+06,  3.974150902802910E-03,  3.530618535650227E+02,  3.481313604368067E+02,  3.947357683403347E+01,  4.928631705392124E+01,  9.058538762232137E+04,
2446433.500000000, A.D. 1986-Jan-03 00:00:00.0000,  2.458261550311975E-01,  2.963901885471622E+01,  1.708929028373192E+01,  1.109929483701885E+02,  1.142858357185532E+02,  2.447980967230550E+06,  4.000511664441230E-03,  3.538093392938414E+02,  3.494732547521733E+02,  3.929998242771503E+01,  4.896094600071384E+01,  8.998848902251177E+04,
2446798.500000000, A.D. 1987-Jan-03 00:00:00.0000,  2.469638774444894E-01,  2.963489709765118E+01,  1.712506232652013E+01,  1.104869483571790E+02,  1.152028525675381E+02,  2.448043503050404E+06,  3.992295269756378E-03,  3.550295802110410E+02,  3.515185919665432E+02,  3.935388517231008E+01,  4.907287324696898E+01,  9.017369099103943E+04,
2447163.500000000, A.D. 1988-Jan-03 00:00:00.0000,  2.498071581332482E-01,  2.964613150054612E+01,  1.718511212704675E+01,  1.098912322340867E+02,  1.151891562184060E+02,  2.447957419631133E+06,  3.967449460579105E-03,  3.568501639877186E+02,  3.545838398445152E+02,  3.951801436384784E+01,  4.938989722714955E+01,  9.073839593345519E+04,
2447529.500000000, A.D. 1989-Jan-03 00:00:00.0000,  2.484310096734567E-01,  2.965767673684526E+01,  1.718415665764394E+01,  1.099463025420036E+02,  1.130262019400638E+02,  2.447648846811461E+06,  3.976048413704094E-03,  3.595254712996113E+02,  3.591862599931050E+02,  3.946101704377071E+01,  4.926435735069616E+01,  9.054215707213267E+04,
2447894.500000000, A.D. 1990-Jan-03 00:00:00.0000,  2.453704955356765E-01,  2.965285342177311E+01,  1.711956764074362E+01,  1.104614016622716E+02,  1.122631406637839E+02,  2.447608985989636E+06,  4.001335902952345E-03,  1.142437460465565E+00,  1.944680196421045E+00,  3.929458528502976E+01,  4.893631714828641E+01,  8.996995221880215E+04,
2448259.500000000, A.D. 1991-Jan-03 00:00:00.0000,  2.452165108170444E-01,  2.965349851941457E+01,  1.706465069192537E+01,  1.108109507814945E+02,  1.126107290192375E+02,  2.447708505036912E+06,  4.002430084768318E-03,  2.205318816819647E+00,  3.751785428328282E+00,  3.928742340603414E+01,  4.892134829265372E+01,  8.994535628992472E+04,
2448624.500000000, A.D. 1992-Jan-03 00:00:00.0000,  2.493650068929687E-01,  2.966282528681764E+01,  1.706969615846872E+01,  1.107225408202770E+02,  1.137414078041249E+02,  2.447862389398047E+06,  3.967605780969884E-03,  3.023754430046920E+00,  5.194102396227822E+00,  3.951697637228072E+01,  4.937112745774378E+01,  9.073482091559956E+04,
2448990.500000000, A.D. 1993-Jan-03 00:00:00.0000,  2.590823710815369E-01,  2.966640086903125E+01,  1.722673032697718E+01,  1.098230823161222E+02,  1.147534243112651E+02,  2.447888354358259E+06,  3.890108158390421E-03,  4.287465752673344E+00,  7.534555560046685E+00,  4.004007964061547E+01,  5.041375841219969E+01,  9.254241407749297E+04,
2449355.500000000, A.D. 1994-Jan-03 00:00:00.0000,  2.593521756434379E-01,  2.965461329605836E+01,  1.723892191918950E+01,  1.098072844248815E+02,  1.140649953690100E+02,  2.447786650318411E+06,  3.890301895976883E-03,  6.103298890788931E+00,  1.071955497553247E+01,  4.003875029514980E+01,  5.042288729424124E+01,  9.253780545213993E+04,
2449720.500000000, A.D. 1995-Jan-03 00:00:00.0000,  2.550566148462122E-01,  2.964178861012745E+01,  1.716523891774857E+01,  1.101840240584415E+02,  1.132080808332863E+02,  2.447711723279930E+06,  3.926742010827738E-03,  7.887947937072340E+00,  1.369084644042235E+01,  3.979065953315115E+01,  4.993953045617484E+01,  9.167905581963959E+04,
2450085.500000000, A.D. 1996-Jan-03 00:00:00.0000,  2.497166065175764E-01,  2.964800109641767E+01,  1.705214200775193E+01,  1.106733366633247E+02,  1.130076067371763E+02,  2.447745688707327E+06,  3.967792473817706E-03,  9.283885637220823E+00,  1.588810585908527E+01,  3.951573679221012E+01,  4.938347248800257E+01,  9.073055165448645E+04,
2450451.500000000, A.D. 1997-Jan-03 00:00:00.0000,  2.507536098200885E-01,  2.970748016705758E+01,  1.703646715904429E+01,  1.107108801858634E+02,  1.150448049719885E+02,  2.448048040462961E+06,  3.947683626545465E-03,  9.488097861431354E+00,  1.627366825975372E+01,  3.964981420854644E+01,  4.959214825003529E+01,  9.119271807377036E+04,
2450816.500000000, A.D. 1998-Jan-03 00:00:00.0000,  2.524937469361097E-01,  2.971751893855687E+01,  1.715751918046209E+01,  1.102574818986103E+02,  1.157108767609753E+02,  2.448083625970104E+06,  3.931945577435587E-03,  1.074551195553748E+01,  1.847800848861002E+01,  3.975554561149185E+01,  4.979357228442682E+01,  9.155772706162218E+04,
2451181.500000000, A.D. 1999-Jan-03 00:00:00.0000,  2.515409481321039E-01,  2.968891964666434E+01,  1.726959284760302E+01,  1.099092362259361E+02,  1.151545743054820E+02,  2.447953927745024E+06,  3.945159367648977E-03,  1.273328691648338E+01,  2.178712219593930E+01,  3.966672535066685E+01,  4.964453105466936E+01,  9.125106654805009E+04,
2451546.500000000, A.D. 2000-Jan-03 00:00:00.0000,  2.473395357878611E-01,  2.962888617802834E+01,  1.728584273385434E+01,  1.098943394167192E+02,  1.136153859362582E+02,  2.447724157527195E+06,  3.990522307451057E-03,  1.525314290444510E+01,  2.574255326099776E+01,  3.936554075421369E+01,  4.910219533039903E+01,  9.021375455734506E+04,
2451912.500000000, A.D. 2001-Jan-03 00:00:00.0000,  2.394080390299494E-01,  2.959883376121929E+01,  1.704883554431769E+01,  1.105652238712336E+02,  1.120339717706901E+02,  2.447574432549817E+06,  4.059941466802399E-03,  1.761229992678405E+01,  2.907288547109354E+01,  3.891552275081801E+01,  4.823221174041674E+01,  8.867122911590525E+04,
2452277.500000000, A.D. 2002-Jan-03 00:00:00.0000,  2.419672809675333E-01,  2.963968173155727E+01,  1.700955525499601E+01,  1.106379219431770E+02,  1.128967896638373E+02,  2.447712607424801E+06,  4.031119741405177E-03,  1.840162857727770E+01,  3.050521816579052E+01,  3.910079471159053E+01,  4.856190769162379E+01,  8.930521123009616E+04,
2452642.500000000, A.D. 2003-Jan-03 00:00:00.0000,  2.484688242343630E-01,  2.968347699930991E+01,  1.709058133161797E+01,  1.104165963810004E+02,  1.141971104380329E+02,  2.447881902737219E+06,  3.970566009709472E-03,  1.890226567751262E+01,  3.176235466902256E+01,  3.949733285391559E+01,  4.931118870852128E+01,  9.066717418112922E+04,
2453007.500000000, A.D. 2004-Jan-03 00:00:00.0000,  2.547153671238055E-01,  2.968947398787884E+01,  1.723413143321157E+01,  1.101027380710664E+02,  1.148672097938236E+02,  2.447949240210546E+06,  3.919977464480717E-03,  1.982826438414780E+01,  3.371879015449129E+01,  3.983642313045090E+01,  4.998337227302297E+01,  9.183726265316414E+04,
2453373.500000000, A.D. 2005-Jan-03 00:00:00.0000,  2.530979229994463E-01,  2.956908166574981E+01,  1.728404902385942E+01,  1.100230065387677E+02,  1.129656821734015E+02,  2.447667205092370E+06,  3.956788355299275E-03,  2.257860124241594E+01,  3.800937991783031E+01,  3.958896698278680E+01,  4.960885229982379E+01,  9.098287997078655E+04,
2453738.500000000, A.D. 2006-Jan-03 00:00:00.0000,  2.501075599279240E-01,  2.955776975784512E+01,  1.712204304303762E+01,  1.103248360269125E+02,  1.123738890187427E+02,  2.447616115947853E+06,  3.982860042296941E-03,  2.438459880489058E+01,  4.059835162980035E+01,  3.941601245507177E+01,  4.927425515229842E+01,  9.038730866183931E+04,
2454103.500000000, A.D. 2007-Jan-03 00:00:00.0000,  2.492726631229250E-01,  2.962689895044060E+01,  1.696521076077922E+01,  1.105716435250249E+02,  1.130776943541563E+02,  2.447743684606060E+06,  3.975558301086090E-03,  2.528381688275291E+01,  4.192178822830687E+01,  3.946426018490884E+01,  4.930162141937708E+01,  9.055331924113676E+04,
2454468.500000000, A.D. 2008-Jan-03 00:00:00.0000,  2.516123668791604E-01,  2.973842542303715E+01,  1.693339198297323E+01,  1.105929112641976E+02,  1.147262932688215E+02,  2.447983559208250E+06,  3.934748910800793E-03,  2.551661371694522E+01,  4.249234870799104E+01,  3.973666066477530E+01,  4.973489590651344E+01,  9.149249625860711E+04,
2454834.500000000, A.D. 2009-Jan-03 00:00:00.0000,  2.577891625732240E-01,  2.979107323652994E+01,  1.723423719670819E+01,  1.101854377348437E+02,  1.162140658531775E+02,  2.448158570711893E+06,  3.875839538324364E-03,  2.587483068990005E+01,  4.361444661049135E+01,  4.013828919531107E+01,  5.048550515409219E+01,  9.288310221316291E+04,
2455199.500000000, A.D. 2010-Jan-03 00:00:00.0000,  2.541684102216975E-01,  2.970614008032898E+01,  1.732012791114967E+01,  1.101088534385224E+02,  1.149578515265071E+02,  2.447961343362039E+06,  3.920991486646468E-03,  2.838075055645797E+01,  4.713126729419089E+01,  3.982955467085953E+01,  4.995296926139008E+01,  9.181351227770696E+04,
2455564.500000000, A.D. 2011-Jan-03 00:00:00.0000,  2.477902474607150E-01,  2.959615358345680E+01,  1.725847146089099E+01,  1.101943349557803E+02,  1.130732891767636E+02,  2.447687011738777E+06,  3.993554416612772E-03,  3.145917803742102E+01,  5.109366424160405E+01,  3.934561268788004E+01,  4.909507179230328E+01,  9.014525969708522E+04,
2455929.500000000, A.D. 2012-Jan-03 00:00:00.0000,  2.428836829524965E-01,  2.954716784484069E+01,  1.709745943491025E+01,  1.103435225111256E+02,  1.119536078810158E+02,  2.447529874003861E+06,  4.042724956938603E-03,  3.395737764354195E+01,  5.420163487027715E+01,  3.902592927869342E+01,  4.850469071254614E+01,  8.904884795146040E+04,
2456295.500000000, A.D. 2013-Jan-03 00:00:00.0000,  2.459949705240048E-01,  2.972720819021780E+01,  1.699078070081587E+01,  1.104112790067609E+02,  1.141948282878324E+02,  2.447858810759310E+06,  3.981385702153487E-03,  3.358971391639410E+01,  5.400367375266294E+01,  3.942574257213784E+01,  4.912427695405789E+01,  9.042077983182592E+04,
2456660.500000000, A.D. 2014-Jan-03 00:00:00.0000,  2.509191866956415E-01,  2.975458432950241E+01,  1.715777621980780E+01,  1.102915685400491E+02,  1.150426024295654E+02,  2.447984818306440E+06,  3.937007607588010E-03,  3.415622482855805E+01,  5.534485495244929E+01,  3.972146102400950E+01,  4.968833771851659E+01,  9.144000618798712E+04,
2457025.500000000, A.D. 2015-Jan-03 00:00:00.0000,  2.538941998389477E-01,  2.968631560553036E+01,  1.732955220428159E+01,  1.102134177692484E+02,  1.146769302056991E+02,  2.447943243503397E+06,  3.927084526897683E-03,  3.566678895712568E+01,  5.783281586134004E+01,  3.978834583395860E+01,  4.989037606238684E+01,  9.167105967143332E+04,
2457390.500000000, A.D. 2016-Jan-03 00:00:00.0000,  2.533990212734004E-01,  2.955730182607381E+01,  1.737159454684084E+01,  1.102198674634973E+02,  1.133401705706236E+02,  2.447764474116408E+06,  3.956760176716357E-03,  3.808787587623838E+01,  6.118490502032088E+01,  3.958915494121995E+01,  4.962100805636608E+01,  9.098352791721570E+04,
2457756.500000000, A.D. 2017-Jan-03 00:00:00.0000,  2.481581017806195E-01,  2.949692406748701E+01,  1.703104568159926E+01,  1.103171961207572E+02,  1.120951271968420E+02,  2.447576532525772E+06,  4.010779313077693E-03,  4.082960295343590E+01,  6.433824154537868E+01,  3.923288145731949E+01,  4.896883884715197E+01,  8.975811728812176E+04,
2458121.500000000, A.D. 2018-Jan-03 00:00:00.0000,  2.500852702732486E-01,  2.967183808430167E+01,  1.690190412560085E+01,  1.103177534376631E+02,  1.139867961978436E+02,  2.447838449220844E+06,  3.960091546346671E-03,  4.072182246119156E+01,  6.441637751857230E+01,  3.956694929183918E+01,  4.946206049937670E+01,  9.090698934273708E+04,
2458486.500000000, A.D. 2019-Jan-03 00:00:00.0000,  2.540681539771795E-01,  2.985756974252752E+01,  1.694765520941075E+01,  1.102940006830895E+02,  1.161880742895294E+02,  2.448155348078855E+06,  3.891984620710089E-03,  4.020868439131609E+01,  6.418273148891086E+01,  4.002720878820622E+01,  5.019684783388492E+01,  9.249779613320215E+04,
2458851.500000000, A.D. 2020-Jan-03 00:00:00.0000,  2.569951604661666E-01,  2.993768245208053E+01,  1.712404465788795E+01,  1.103003951825754E+02,  1.172269210037757E+02,  2.448315992207897E+06,  3.853579054896600E-03,  4.059941216034696E+01,  6.505696473793411E+01,  4.029271528145582E+01,  5.064774811083111E+01,  9.341964829878377E+04,
2459217.500000000, A.D. 2021-Jan-03 00:00:00.0000,  2.530665316064555E-01,  2.969296036829147E+01,  1.730389903712162E+01,  1.103474663863827E+02,  1.145221775549631E+02,  2.447935261944334E+06,  3.932300575284425E-03,  4.436515119679209E+01,  6.961478024498022E+01,  3.975315289078307E+01,  4.981334541327468E+01,  9.154946146861144E+04,
2459582.500000000, A.D. 2022-Jan-03 00:00:00.0000,  2.476343198564052E-01,  2.961116187273661E+01,  1.715963053404991E+01,  1.103183253518384E+02,  1.131396460449173E+02,  2.447702931913864E+06,  3.991759500177612E-03,  4.742037876584034E+01,  7.289086449591620E+01,  3.935740645039139E+01,  4.910365102804616E+01,  9.018579400486975E+04,
2459947.500000000, A.D. 2023-Jan-03 00:00:00.0000,  2.441839086143845E-01,  2.965525237137216E+01,  1.698273665997769E+01,  1.102391443081675E+02,  1.131269461366625E+02,  2.447656417901382E+06,  4.010290556899818E-03,  4.929081047416786E+01,  7.481720131627627E+01,  3.923606907734136E+01,  4.881688578331056E+01,  8.976905660379391E+04,
2460312.500000000, A.D. 2024-Jan-03 00:00:00.0000,  2.442853376817979E-01,  2.978285796855440E+01,  1.692274742427853E+01,  1.101862083193456E+02,  1.142910612751323E+02,  2.447800817283378E+06,  3.983742807672348E-03,  4.984332603422142E+01,  7.551358103927453E+01,  3.941018939237412E+01,  4.903752081619385E+01,  9.036727956098743E+04,
2460678.500000000, A.D. 2025-Jan-03 00:00:00.0000,  2.499529681403358E-01,  2.985472688652616E+01,  1.725030485679400E+01,  1.103868555609507E+02,  1.155181257686928E+02,  2.448045313853835E+06,  3.924796708255042E-03,  4.958268740124187E+01,  7.588178415938421E+01,  3.980380645264930E+01,  4.975288601877245E+01,  9.172449600836915E+04,
2461043.500000000, A.D. 2026-Jan-03 00:00:00.0000,  2.503249035091461E-01,  2.963579018366790E+01,  1.739592167178100E+01,  1.105089008082494E+02,  1.136416620213171E+02,  2.447824177817122E+06,  3.965417643413596E-03,  5.242013341795388E+01,  7.939710736240903E+01,  3.953151214758201E+01,  4.942723411149612E+01,  9.078488884971448E+04,
2461408.500000000, A.D. 2027-Jan-03 00:00:00.0000,  2.491250843352356E-01,  2.940504612813009E+01,  1.736191686403492E+01,  1.105024802171427E+02,  1.115920640976130E+02,  2.447550107384412E+06,  4.021820394282003E-03,  5.573596605333838E+01,  8.318271550900380E+01,  3.916104468891096E+01,  4.891704324969184E+01,  8.951170482695539E+04,
2461773.500000000, A.D. 2028-Jan-03 00:00:00.0000,  2.476996469807823E-01,  2.933456698371505E+01,  1.717219272340794E+01,  1.103332840870498E+02,  1.109599140640708E+02,  2.447431477786785E+06,  4.047822414702121E-03,  5.805395898680615E+01,  8.568211253051618E+01,  3.899315860478625E+01,  4.865175022585744E+01,  8.893670796733614E+04,
2462139.500000000, A.D. 2029-Jan-03 00:00:00.0000,  2.488074264476504E-01,  2.971837399338601E+01,  1.692921405150703E+01,  1.100585462075084E+02,  1.144842479534191E+02,  2.447858550406282E+06,  3.960895989086127E-03,  5.656535596609946E+01,  8.410756510688284E+01,  3.956159184701387E+01,  4.940480970064174E+01,  9.088852648288311E+04,
2462504.500000000, A.D. 2030-Jan-03 00:00:00.0000,  2.522893647145258E-01,  2.988493881102564E+01,  1.705085728723933E+01,  1.101881898754473E+02,  1.162364582558912E+02,  2.448145056118530E+06,  3.900550058612482E-03,  5.600972967350993E+01,  8.389162959498807E+01,  3.996858865009409E+01,  5.005223848916255E+01,  9.229467500490445E+04,
2462869.500000000, A.D. 2031-Jan-03 00:00:00.0000,  2.542668966737087E-01,  2.987591169238972E+01,  1.723617248802860E+01,  1.104294835378466E+02,  1.162548693525798E+02,  2.448204885064445E+06,  3.886847108113982E-03,  5.699911615386672E+01,  8.528123867274726E+01,  4.006247216213183E+01,  5.024903263187394E+01,  9.262005681892723E+04,
2463234.500000000, A.D. 2032-Jan-03 00:00:00.0000,  2.532422348707916E-01,  2.972446868865106E+01,  1.733675433293469E+01,  1.105871229566348E+02,  1.147729862293790E+02,  2.448022100243295E+06,  3.924664576303268E-03,  5.970356644570381E+01,  8.822978616628461E+01,  3.980469983262639E+01,  4.988493097660172E+01,  9.172758410327444E+04,
2463600.500000000, A.D. 2033-Jan-03 00:00:00.0000,  2.474384654730156E-01,  2.957470369005031E+01,  1.706719296257487E+01,  1.101914274087217E+02,  1.129387429882467E+02,  2.447650395827635E+06,  4.000704705493170E-03,  6.381165681548769E+01,  9.204207953225924E+01,  3.929871822194475E+01,  4.902273275383920E+01,  8.998414691934192E+04,
2463965.500000000, A.D. 2034-Jan-03 00:00:00.0000,  2.453037712511011E-01,  2.978135344816787E+01,  1.692525310436373E+01,  1.099414250866207E+02,  1.143628262246281E+02,  2.447765052891556E+06,  3.975993801860578E-03,  6.441287729054409E+01,  9.243089625607708E+01,  3.946137838470194E+01,  4.914140332123601E+01,  9.054340070438161E+04,
2464330.500000000, A.D. 2035-Jan-03 00:00:00.0000,  2.455087908247034E-01,  2.997942058956198E+01,  1.694907536342148E+01,  1.099607110720798E+02,  1.159034798950524E+02,  2.447969177032003E+06,  3.935052209375962E-03,  6.438266009353100E+01,  9.242326102751947E+01,  3.973461880666741E+01,  4.948981702377284E+01,  9.148544437154759E+04,
2464695.500000000, A.D. 2036-Jan-03 00:00:00.0000,  2.474170294893583E-01,  2.999377040435540E+01,  1.712395501058732E+01,  1.102767098222629E+02,  1.160761027016125E+02,  2.448063910079564E+06,  3.917320105150113E-03,  6.515126157593620E+01,  9.347734521918480E+01,  3.985443675931715E+01,  4.971510311427888E+01,  9.189956152082310E+04,
2465061.500000000, A.D. 2037-Jan-03 00:00:00.0000,  2.493399099660301E-01,  2.949845506335250E+01,  1.739594246994298E+01,  1.108174334143170E+02,  1.121962481219721E+02,  2.447666678983347E+06,  4.001014806531720E-03,  6.959693644459681E+01,  9.835136055944749E+01,  3.929668761531947E+01,  4.909492016728645E+01,  8.997717264437368E+04,
2465426.500000000, A.D. 2038-Jan-03 00:00:00.0000,  2.489143491983543E-01,  2.924791950768816E+01,  1.729086341552466E+01,  1.106217464385807E+02,  1.103958211433885E+02,  2.447404959390025E+06,  4.055979997846223E-03,  7.309500824443376E+01,  1.018233727931354E+02,  3.894085777896488E+01,  4.863379605024159E+01,  8.875783415873958E+04,
2465791.500000000, A.D. 2039-Jan-03 00:00:00.0000,  2.482297674052493E-01,  2.926125398276336E+01,  1.709295984080016E+01,  1.101857494553299E+02,  1.107573564958646E+02,  2.447382111724517E+06,  4.058750568896142E-03,  7.471911513614603E+01,  1.033428125826032E+02,  3.892313464150813E+01,  4.858501530025290E+01,  8.869724657603416E+04,
2466156.500000000, A.D. 2040-Jan-03 00:00:00.0000,  2.482663672189422E-01,  2.949905451296565E+01,  1.695759869367799E+01,  1.098437739447122E+02,  1.128923693156712E+02,  2.447614306619246E+06,  4.009478623415922E-03,  7.434452799137962E+01,  1.029802241785494E+02,  3.924136585965051E+01,  4.898367720633537E+01,  8.978723515260791E+04,
2466522.500000000, A.D. 2041-Jan-03 00:00:00.0000,  2.522687961388193E-01,  2.978455664405687E+01,  1.715757200355661E+01,  1.103332021882077E+02,  1.154630600877909E+02,  2.448093984480423E+06,  3.920447321607182E-03,  7.224802430992206E+01,  1.013731923744298E+02,  3.983324019414133E+01,  4.988192374422579E+01,  9.182625615599866E+04,
2466887.500000000, A.D. 2042-Jan-03 00:00:00.0000,  2.540755643324776E-01,  2.964655659755519E+01,  1.729848699075245E+01,  1.107086631578571E+02,  1.145000416901697E+02,  2.448055828150932E+06,  3.933552400244777E-03,  7.407536800252431E+01,  1.033884233735892E+02,  3.974471833869433E+01,  4.984288007983346E+01,  9.152032650628930E+04,
2467252.500000000, A.D. 2043-Jan-03 00:00:00.0000,  2.536429952732505E-01,  2.947074736494776E+01,  1.730847249387890E+01,  1.107600049950996E+02,  1.130641819761158E+02,  2.447866914583632E+06,  3.972256375423954E-03,  7.700451526149483E+01,  1.061700832368254E+02,  3.948612685123437E+01,  4.950150633752097E+01,  9.062859140394171E+04,
2467617.500000000, A.D. 2044-Jan-03 00:00:00.0000,  2.510733865998011E-01,  2.945769004104625E+01,  1.717384794270910E+01,  1.103957636154450E+02,  1.126891939969454E+02,  2.447711056156565E+06,  3.995442994024453E-03,  7.953506159019506E+01,  1.082722477087318E+02,  3.933321304647661E+01,  4.920873605190697E+01,  9.010264957813504E+04,
2467983.500000000, A.D. 2045-Jan-03 00:00:00.0000,  2.465210017045574E-01,  2.997587368609418E+01,  1.691219281550390E+01,  1.095814409055765E+02,  1.162102802052562E+02,  2.447968288633747E+06,  3.927833120267619E-03,  7.861641011352300E+01,  1.068973272588961E+02,  3.978329024950540E+01,  4.959070681291662E+01,  9.165358837227579E+04,
2468348.500000000, A.D. 2046-Jan-03 00:00:00.0000,  2.462535311401425E-01,  3.020597755062460E+01,  1.699922895334463E+01,  1.098422525044882E+02,  1.176091589572767E+02,  2.448186479714335E+06,  3.885104173283776E-03,  7.833154915366767E+01,  1.065971264449055E+02,  4.007445314644750E+01,  4.994292874227040E+01,  9.266160801441780E+04,
2468713.500000000, A.D. 2047-Jan-03 00:00:00.0000,  2.473730811066243E-01,  3.013776470325749E+01,  1.718049902287223E+01,  1.104446131493204E+02,  1.168099271512629E+02,  2.448185013915869E+06,  3.889619688051046E-03,  7.984800363871663E+01,  1.081524715524380E+02,  4.004343180758207E+01,  4.994909891190666E+01,  9.255403583695443E+04,
2469078.500000000, A.D. 2048-Jan-03 00:00:00.0000,  2.488212189296913E-01,  2.980847231466548E+01,  1.732431085309932E+01,  1.109531214914271E+02,  1.142482444122761E+02,  2.447938513678587E+06,  3.942842819471824E-03,  8.335164327111579E+01,  1.115436142217419E+02,  3.968226082237468E+01,  4.955604933008387E+01,  9.130467951249066E+04,
2469444.500000000, A.D. 2049-Jan-03 00:00:00.0000,  2.480117543442725E-01,  2.939957424123608E+01,  1.717943114951030E+01,  1.104501868910575E+02,  1.113698309366834E+02,  2.447448902651500E+06,  4.031893871191388E-03,  8.868391414260928E+01,  1.162041125177653E+02,  3.909578960984942E+01,  4.879200497846275E+01,  8.928806449303270E+04,
2469809.500000000, A.D. 2050-Jan-03 00:00:00.0000,  2.469028149322225E-01,  2.951525876181982E+01,  1.703198021755662E+01,  1.098735091093769E+02,  1.124812655228892E+02,  2.447493469780658E+06,  4.017082205127610E-03,  8.964532788320690E+01,  1.169257387968053E+02,  3.919183253774014E+01,  4.886840631366045E+01,  8.961728478956129E+04,
$$EOE
**************************************************************************************************************************************************************************************************************************************************************************************************************************************************
 
TIME

  Barycentric Dynamical Time ("TDB" or T_eph) output was requested. This
continuous coordinate time is equivalent to the relativistic proper time
of a clock at rest in a reference frame co-moving with the solar system
barycenter but outside the system's gravity well. It is the independent
variable in the solar system relativistic equations of motion.

  TDB runs at a uniform rate of one SI second per second and is independent
of irregularities in Earth's rotation.
 
CALENDAR SYSTEM

  Mixed calendar mode was active such that calendar dates after AD 1582-Oct-15
(if any) are in the modern Gregorian system. Dates prior to 1582-Oct-5 (if any)
are in the Julian calendar system, which is automatically extended for dates
prior to its adoption on 45-Jan-1 BC.  The Julian calendar is useful for
matching historical dates. The Gregorian calendar more accurately corresponds
to the Earth's orbital motion and seasons. A "Gregorian-only" calendar mode is
available if such physical events are the primary interest.

REFERENCE FRAME AND COORDINATES

  Ecliptic at the standard reference epoch

    Reference epoch: J2000.0
    X-Y plane: adopted Earth orbital plane at the reference epoch
               Note: IAU76 obliquity of 84381.448 arcseconds wrt ICRF X-Y plane
    X-axis   : ICRF
    Z-axis   : perpendicular to the X-Y plane in the directional (+ or -) sense
               of Earth's north pole at the reference epoch.

  Symbol meaning [1 au= 149597870.700 km, 1 day= 86400.0 s]:

    JDTDB    Julian Day Number, Barycentric Dynamical Time
      EC     Eccentricity, e
      QR     Periapsis distance, q (au)
      IN     Inclination w.r.t X-Y plane, i (degrees)
      OM     Longitude of Ascending Node, OMEGA, (degrees)
      W      Argument of Perifocus, w (degrees)
      Tp     Time of periapsis (Julian Day Number)
      N      Mean motion, n (degrees/day)
      MA     Mean anomaly, M (degrees)
      TA     True anomaly, nu (degrees)
      A      Semi-major axis, a (au)
      AD     Apoapsis distance (au)
      PR     Sidereal orbit period (day)

ABERRATIONS AND CORRECTIONS

 Geometric osculating elements have NO corrections or aberrations applied.

Computations by ...

    Solar System Dynamics Group, Horizons On-Line Ephemeris System
    4800 Oak Grove Drive, Jet Propulsion Laboratory
    Pasadena, CA  91109   USA

    General site: https://ssd.jpl.nasa.gov/
    Mailing list: https://ssd.jpl.nasa.gov/email_list.html
    System news : https://ssd.jpl.nasa.gov/horizons/news.html
    User Guide  : https://ssd.jpl.nasa.gov/horizons/manual.html
    Connect     : browser        https://ssd.jpl.nasa.gov/horizons/app.html#/x
                  API            https://ssd-api.jpl.nasa.gov/doc/horizons.html
                  command-line   telnet ssd.jpl.nasa.gov 6775
                  e-mail/batch   https://ssd.jpl.nasa.gov/ftp/ssd/horizons_batch.txt
                  scripts        https://ssd.jpl.nasa.gov/ftp/ssd/SCRIPTS
    Inquiries   : Jon.D.Giorgini@jpl.nasa.gov
*******************************************************************************
