API VERSION: 1.2
API SOURCE: NASA/JPL Horizons API



*******************************************************************************
Ephemeris / API_USER Mon Sep 28 13:51:59 2026 Pasadena, USA      / Horizons
*******************************************************************************
Target body name: 1 Ceres (A801 AA)               {source: JPL#48}
Center body name: Sun (10)                        {source: DE441}
Center-site name: BODY CENTER
*******************************************************************************
Start time      : A.D. 1800-Jan-01 00:00:00.0000 TDB
Stop  time      : A.D. 2050-Jan-02 00:00:00.0000 TDB
Step-size       : 1  calendar years
*******************************************************************************
Center geodetic : 0.0, 0.0, 0.0                   {E-lon(deg),Lat(deg),Alt(km)}
Center cylindric: 0.0, 0.0, 0.0                   {E-lon(deg),Dxy(km),Dz(km)}
Center radii    : 695700.0, 695700.0, 695700.0 km {Equator_a, b, pole_c}
Keplerian GM    : 2.9591220828411951E-04 au^3/d^2
Small perturbers: Yes                             {source: SB441-N16}
Output units    : AU-D, deg, Julian Day Number (Tp)
Calendar mode   : Mixed Julian/Gregorian
Output type     : GEOMETRIC osculating elements
Output format   : 10
Reference frame : Ecliptic of J2000.0
*******************************************************************************
Initial IAU76/J2000 heliocentric ecliptic osculating elements (au, days, deg.):
  EPOCH=  2458849.5 ! 2020-Jan-01.00 (TDB)         Residual RMS= .24563        
   EC= .07687465013145245  QR= 2.556401146697176   TP= 2458240.1791309435      
   OM= 80.3011901917491    W=  73.80896808746482   IN= 10.59127767086216       
  Equivalent ICRF heliocentric cartesian coordinates (au, au/d):
   X= 1.007608869613381E+00  Y=-2.390064275223502E+00  Z=-1.332124522752402E+00
  VX= 9.201724467227128E-03 VY= 3.370381135398406E-03 VZ=-2.850337057661093E-04
Asteroid physical parameters (km, seconds, rotational period in hours):        
   GM= 62.6284             RAD= 469.7              ROTPER= 9.07417             
   H= 3.34                 G= .120                 B-V= .713                   
                           ALBEDO= .090            STYP= C                     
*******************************************************************************
            JDTDB,            Calendar Date (TDB),                     EC,                     QR,                     IN,                     OM,                      W,                     Tp,                      N,                     MA,                     TA,                      A,                     AD,                     PR,
**************************************************************************************************************************************************************************************************************************************************************************************************************************************************
$$SOE
2378496.500000000, A.D. 1800-Jan-01 00:00:00.0000,  8.030660169979692E-02,  2.543525750645955E+00,  1.063254518753741E+01,  8.362984782016511E+01,  6.581007912109953E+01,  2.379184290795130E+06,  2.142961996623640E-01,  2.126090464409039E+02,  2.080423073317591E+02,  2.765623582105682E+00,  2.987721413565408E+00,  1.679917798669322E+03,
2378861.500000000, A.D. 1801-Jan-01 00:00:00.0000,  8.053031222886418E-02,  2.543228316843528E+00,  1.063209267258187E+01,  8.362976872118817E+01,  6.567885931455683E+01,  2.379183627596858E+06,  2.142555955053405E-01,  2.909823599064865E+02,  2.820805925918600E+02,  2.765972984937117E+00,  2.988717653030706E+00,  1.680236164432059E+03,
2379226.500000000, A.D. 1802-Jan-01 00:00:00.0000,  8.085371072722673E-02,  2.543977488641978E+00,  1.062534096355550E+01,  8.359573143452275E+01,  6.511261357953734E+01,  2.379181236389486E+06,  2.140479807818497E-01,  9.688584433382896E+00,  1.141923913126080E+01,  2.767761256649111E+00,  2.991545024656242E+00,  1.681865900743533E+03,
2379591.500000000, A.D. 1803-Jan-01 00:00:00.0000,  8.040013760350910E-02,  2.543346182467330E+00,  1.062682980605920E+01,  8.356512912429781E+01,  6.472051605357795E+01,  2.379179530363692E+06,  2.142862004392490E-01,  8.827940806088361E+01,  9.747663488689051E+01,  2.765709616179511E+00,  2.988073049891692E+00,  1.679996188564935E+03,
2379956.500000000, A.D. 1804-Jan-01 00:00:00.0000,  8.013409536429666E-02,  2.544559553418604E+00,  1.062600928320142E+01,  8.356279420737515E+01,  6.476011025715476E+01,  2.379179445399435E+06,  2.142258758480358E-01,  1.664652023877210E+02,  1.684226047644584E+02,  2.766228795518117E+00,  2.987898037617630E+00,  1.680469264391623E+03,
2380322.500000000, A.D. 1805-Jan-01 00:00:00.0000,  7.981502585208276E-02,  2.546173217669774E+00,  1.062585135579713E+01,  8.355473126696289E+01,  6.474035108138256E+01,  2.380860147587749E+06,  2.141336212197744E-01,  2.448715750952394E+02,  2.369532601062888E+02,  2.767023249893324E+00,  2.987873282116873E+00,  1.681193256571870E+03,
2380687.500000000, A.D. 1806-Jan-01 00:00:00.0000,  7.960859735988723E-02,  2.546765006146197E+00,  1.062631739042605E+01,  8.355254426629877E+01,  6.470616872916814E+01,  2.380860098154955E+06,  2.141310236329320E-01,  3.230413804023294E+02,  3.170954046551961E+02,  2.767045627372099E+00,  2.987326248598001E+00,  1.681213650839869E+03,
2381052.500000000, A.D. 1807-Jan-01 00:00:00.0000,  7.930264667804257E-02,  2.546751652165511E+00,  1.062631246554387E+01,  8.354997686997820E+01,  6.468558085164662E+01,  2.380860006098125E+06,  2.142394876710345E-01,  4.123979491760024E+01,  4.769729775115919E+01,  2.766111625037920E+00,  2.985471597910329E+00,  1.680362494858004E+03,
2381417.500000000, A.D. 1808-Jan-01 00:00:00.0000,  7.904504602782096E-02,  2.547678716308095E+00,  1.062560135582194E+01,  8.354899924715703E+01,  6.476572069295577E+01,  2.380860192107060E+06,  2.142124301160438E-01,  1.193822780696631E+02,  1.268880743871346E+02,  2.766344548470778E+00,  2.985010380633462E+00,  1.680574744448675E+03,
2381783.500000000, A.D. 1809-Jan-01 00:00:00.0000,  7.760375040268259E-02,  2.555328412004762E+00,  1.061592194163950E+01,  8.346777561793058E+01,  6.533385314210511E+01,  2.382545186944628E+06,  2.137520462527840E-01,  1.971878569817932E+02,  1.947842334051271E+02,  2.770315266481536E+00,  2.985302120958309E+00,  1.684194403333396E+03,
2382148.500000000, A.D. 1810-Jan-01 00:00:00.0000,  7.667879557061746E-02,  2.556485804801610E+00,  1.062745165622437E+01,  8.329224809304905E+01,  6.657751545040919E+01,  2.382550607613055E+06,  2.139282850274050E-01,  2.739778079426769E+02,  2.651882022889683E+02,  2.768793560179885E+00,  2.981101315558160E+00,  1.682806927348960E+03,
2382513.500000000, A.D. 1811-Jan-01 00:00:00.0000,  7.643479928178804E-02,  2.555205174978408E+00,  1.063117629199744E+01,  8.328814975943634E+01,  6.715083824075656E+01,  2.382552890264392E+06,  2.141739997601274E-01,  3.515636295234896E+02,  3.501452788373686E+02,  2.766675458312362E+00,  2.978145741646316E+00,  1.680876298725318E+03,
2382878.500000000, A.D. 1812-Jan-01 00:00:00.0000,  7.662901636381687E-02,  2.555420987134037E+00,  1.063115894943696E+01,  8.328830493636603E+01,  6.734253508624253E+01,  2.382553669160176E+06,  2.140793229203705E-01,  6.953956625318230E+01,  7.802004691768968E+01,  2.767491108580143E+00,  2.979561230026248E+00,  1.681619668303540E+03,
2383244.500000000, A.D. 1813-Jan-01 00:00:00.0000,  7.676138805650980E-02,  2.555617817653771E+00,  1.062991074933497E+01,  8.328725591177957E+01,  6.755595079419507E+01,  2.382554623722187E+06,  2.140085635241847E-01,  1.476394312240879E+02,  1.519895038401918E+02,  2.768101100401329E+00,  2.980584383148888E+00,  1.682175675924842E+03,
2383609.500000000, A.D. 1814-Jan-01 00:00:00.0000,  7.690098142684945E-02,  2.554873265584718E+00,  1.062925740502102E+01,  8.327655819702562E+01,  6.771596873006011E+01,  2.384237433012293E+06,  2.140535648542906E-01,  2.255887002290016E+02,  2.197017837968762E+02,  2.767713120889055E+00,  2.980552976193392E+00,  1.681822025459175E+03,
2383974.500000000, A.D. 1815-Jan-01 00:00:00.0000,  7.695829304814238E-02,  2.553954266269757E+00,  1.063050760859846E+01,  8.327036212919609E+01,  6.794673006513065E+01,  2.384238286083944E+06,  2.141491657606889E-01,  3.035104301840432E+02,  2.957698043622107E+02,  2.766889347506983E+00,  2.979824428744208E+00,  1.681071223047859E+03,
2384339.500000000, A.D. 1816-Jan-01 00:00:00.0000,  7.728496390699700E-02,  2.553812669079656E+00,  1.063023347334937E+01,  8.326197633827155E+01,  6.805730342209637E+01,  2.384238691187032E+06,  2.140532936833073E-01,  2.157845844810289E+01,  2.515325908195674E+01,  2.767715458385844E+00,  2.981618247692032E+00,  1.681824156056301E+03,
2384705.500000000, A.D. 1817-Jan-01 00:00:00.0000,  7.817665146544660E-02,  2.551684030805430E+00,  1.063700420104434E+01,  8.322876039176181E+01,  6.788985572820056E+01,  2.384238170200801E+06,  2.140106008840009E-01,  1.000135311376481E+02,  1.086551560088606E+02,  2.768083532340451E+00,  2.984483033875472E+00,  1.682159661778292E+03,
2385070.500000000, A.D. 1818-Jan-01 00:00:00.0000,  7.873573695067529E-02,  2.548261757280858E+00,  1.063840548437770E+01,  8.322965781999405E+01,  6.746848241387931E+01,  2.384236874791983E+06,  2.142468058886235E-01,  1.786015381258435E+02,  1.788019483193844E+02,  2.766048634998906E+00,  2.983835512716954E+00,  1.680305097230465E+03,
2385435.500000000, A.D. 1819-Jan-01 00:00:00.0000,  7.874668128836919E-02,  2.548560958147501E+00,  1.063820605983832E+01,  8.322906564764452E+01,  6.729804498130940E+01,  2.385916398402734E+06,  2.142052610612393E-01,  2.569890320984294E+02,  2.484197309278444E+02,  2.766406271091270E+00,  2.984251584035040E+00,  1.680630990184126E+03,
2385800.500000000, A.D. 1820-Jan-01 00:00:00.0000,  7.881760148955347E-02,  2.549245213289327E+00,  1.063672120606834E+01,  8.322830824813956E+01,  6.705363181976345E+01,  2.385915439870698E+06,  2.140942984685137E-01,  3.353920290167872E+02,  3.312663252809422E+02,  2.767362052739457E+00,  2.985478892189588E+00,  1.681502041741407E+03,
2386166.500000000, A.D. 1821-Jan-01 00:00:00.0000,  7.888222955170575E-02,  2.549055614519609E+00,  1.063655546646728E+01,  8.321579438779163E+01,  6.689401944237514E+01,  2.385914764055667E+06,  2.140956527430105E-01,  5.389557132085214E+01,  6.162441719332538E+01,  2.767350382654134E+00,  2.985645150788658E+00,  1.681491405302497E+03,
2386531.500000000, A.D. 1822-Jan-01 00:00:00.0000,  7.902405574601981E-02,  2.547576849666725E+00,  1.063864471051252E+01,  8.321327783125527E+01,  6.659930333355932E+01,  2.385913695462671E+06,  2.142326023275968E-01,  1.323538737618091E+02,  1.386149922824244E+02,  2.766170892476831E+00,  2.984764935286937E+00,  1.680416500983827E+03,
2386896.500000000, A.D. 1823-Jan-01 00:00:00.0000,  7.922434141433497E-02,  2.546509446852234E+00,  1.063904115689827E+01,  8.321561108960246E+01,  6.643427837740647E+01,  2.387592975851811E+06,  2.142973897996168E-01,  2.107470428984522E+02,  2.064746633996112E+02,  2.765613342520086E+00,  2.984717238187937E+00,  1.679908468958140E+03,
2387261.500000000, A.D. 1824-Jan-01 00:00:00.0000,  7.914902185621306E-02,  2.548481588808971E+00,  1.063844240235205E+01,  8.321626544713432E+01,  6.590587789623862E+01,  2.387590927047716E+06,  2.140749512919125E-01,  2.894779208061081E+02,  2.806708274439569E+02,  2.767528785109284E+00,  2.986575981409597E+00,  1.681654008689247E+03,
2387627.500000000, A.D. 1825-Jan-01 00:00:00.0000,  7.859780142538299E-02,  2.549992651080253E+00,  1.063160988788631E+01,  8.319164577730024E+01,  6.530507950783104E+01,  2.387588515790931E+06,  2.140767717097586E-01,  8.345613625191834E+00,  9.792786234839207E+00,  2.767513095828314E+00,  2.985033540576375E+00,  1.681639708618558E+03,
2387992.500000000, A.D. 1826-Jan-01 00:00:00.0000,  7.819687905833057E-02,  2.550137614199376E+00,  1.063174274424987E+01,  8.318145205070094E+01,  6.523562004507494E+01,  2.387588153636157E+06,  2.141982456617471E-01,  8.661028177501021E+01,  9.557060794888642E+01,  2.766466674135664E+00,  2.982795734071952E+00,  1.680686034042020E+03,
2388357.500000000, A.D. 1827-Jan-01 00:00:00.0000,  7.799415421942803E-02,  2.551348187454172E+00,  1.063030692655420E+01,  8.317863744603856E+01,  6.538006493254296E+01,  2.387588571758250E+06,  2.141164273423372E-01,  1.646401680061300E+02,  1.668029813234650E+02,  2.767171378717447E+00,  2.982994569980723E+00,  1.681328258968279E+03,
2388722.500000000, A.D. 1828-Jan-01 00:00:00.0000,  7.773887762960963E-02,  2.552577973752234E+00,  1.063005074323024E+01,  8.316777648192539E+01,  6.543945927899006E+01,  2.389270441688976E+06,  2.140505756056172E-01,  2.427127660763259E+02,  2.351558844771795E+02,  2.767738888517400E+00,  2.982899803282566E+00,  1.681845512358215E+03,
2389088.500000000, A.D. 1829-Jan-01 00:00:00.0000,  7.756229496437465E-02,  2.552787980894178E+00,  1.063092258497732E+01,  8.316477067716731E+01,  6.549734233351252E+01,  2.389270730007627E+06,  2.140856334082614E-01,  3.209871733911659E+02,  3.149493480463806E+02,  2.767436724407950E+00,  2.982085467921721E+00,  1.681570100098589E+03,
2389453.500000000, A.D. 1830-Jan-01 00:00:00.0000,  7.725584331078789E-02,  2.552815315152450E+00,  1.063099093484832E+01,  8.316366591812741E+01,  6.553677850633547E+01,  2.389270885084901E+06,  2.141888871671953E-01,  3.911408544512906E+01,  4.513859401589700E+01,  2.766547256513551E+00,  2.980279197874652E+00,  1.680759467782214E+03,
2389818.500000000, A.D. 1831-Jan-01 00:00:00.0000,  7.706871322175099E-02,  2.555156099381379E+00,  1.062813386184034E+01,  8.316561279002592E+01,  6.609456379113603E+01,  2.389272983455562E+06,  2.139596954073636E-01,  1.167185536876801E+02,  1.242573264272888E+02,  2.768522571491610E+00,  2.981889043601841E+00,  1.682559882666623E+03,
2390183.500000000, A.D. 1832-Jan-01 00:00:00.0000,  7.690647946346224E-02,  2.557417861205844E+00,  1.060920231900894E+01,  8.303597056896524E+01,  6.749945628613719E+01,  2.390963387851288E+06,  2.137322642835505E-01,  1.933128036569740E+02,  1.914579338580152E+02,  2.770486201354087E+00,  2.983554541502330E+00,  1.684350283784958E+03,
2390549.500000000, A.D. 1833-Jan-01 00:00:00.0000,  7.776513626943643E-02,  2.551362484305123E+00,  1.061337399990448E+01,  8.293386266821366E+01,  6.860250847298994E+01,  2.390966965475272E+06,  2.141944087780984E-01,  2.705812293388911E+02,  2.616973938362946E+02,  2.766499711347411E+00,  2.981636938389699E+00,  1.680716140321634E+03,
2390914.500000000, A.D. 1834-Jan-01 00:00:00.0000,  7.798784826852243E-02,  2.550469869718601E+00,  1.061428780858142E+01,  8.293084083630929E+01,  6.881472591022180E+01,  2.390967731766799E+06,  2.142292391149759E-01,  3.485961991018722E+02,  3.466437852415531E+02,  2.766199843384914E+00,  2.981929817051227E+00,  1.680442882060509E+03,
2391279.500000000, A.D. 1835-Jan-01 00:00:00.0000,  7.834420720163855E-02,  2.550434538513572E+00,  1.061449484499563E+01,  8.292500183099708E+01,  6.889259443996593E+01,  2.390968046846298E+06,  2.141095003000564E-01,  6.668507910605025E+01,  7.522953011109935E+01,  2.767231062227537E+00,  2.984027585941501E+00,  1.681382654648628E+03,
2391644.500000000, A.D. 1836-Jan-01 00:00:00.0000,  7.854612371579885E-02,  2.549979932268665E+00,  1.061424506711449E+01,  8.292437807688071E+01,  6.896400824310817E+01,  2.390968470481767E+06,  2.140963838058068E-01,  1.447354751996902E+02,  1.495398032307428E+02,  2.767344082974135E+00,  2.984708233679604E+00,  1.681485663609028E+03,
2392010.500000000, A.D. 1837-Jan-01 00:00:00.0000,  7.882060876897784E-02,  2.548546424057674E+00,  1.061383082698033E+01,  8.291664096006903E+01,  6.908748788622880E+01,  2.392650253082835E+06,  2.141813098676506E-01,  2.229768467265486E+02,  2.172440705689880E+02,  2.766612506009186E+00,  2.984678587960697E+00,  1.680818929637023E+03,
2392375.500000000, A.D. 1838-Jan-01 00:00:00.0000,  7.897380190524207E-02,  2.547584013079243E+00,  1.061460101989918E+01,  8.291178230559490E+01,  6.924621587847770E+01,  2.392650774993980E+06,  2.142492335880199E-01,  3.010225435137893E+02,  2.928801433031898E+02,  2.766027739872325E+00,  2.984471466665407E+00,  1.680286057369262E+03,
2392740.500000000, A.D. 1839-Jan-01 00:00:00.0000,  7.954192476908546E-02,  2.547456349037261E+00,  1.061299243227731E+01,  8.289006216270177E+01,  6.920051797460327E+01,  2.392650492812482E+06,  2.140671196736595E-01,  1.926757938198329E+01,  2.258350262845183E+01,  2.767596284489310E+00,  2.987736219941360E+00,  1.681715531786534E+03,
2393105.500000000, A.D. 1840-Jan-01 00:00:00.0000,  7.990482943432874E-02,  2.545288365564823E+00,  1.061940737943845E+01,  8.284588620598227E+01,  6.866758965978950E+01,  2.392648340293100E+06,  2.142139315730809E-01,  9.792997817193869E+01,  1.068395314436793E+02,  2.766331621977744E+00,  2.987374878390665E+00,  1.680562965052452E+03,
2393471.500000000, A.D. 1841-Jan-01 00:00:00.0000,  7.996591550471394E-02,  2.544392518230043E+00,  1.062037811969575E+01,  8.284708497050551E+01,  6.839873604358223E+01,  2.392647230045408E+06,  2.143057306768851E-01,  1.766457748938624E+02,  1.771331129267491E+02,  2.765541582761958E+00,  2.986690647293873E+00,  1.679843086150516E+03,
2393836.500000000, A.D. 1842-Jan-01 00:00:00.0000,  7.974732892564562E-02,  2.545762331636404E+00,  1.062025636202159E+01,  8.284679611714826E+01,  6.822496795942173E+01,  2.394326516951398E+06,  2.142091015542492E-01,  2.550339090946520E+02,  2.464593089401812E+02,  2.766373205594001E+00,  2.986984079551599E+00,  1.680600858637319E+03,
2394201.500000000, A.D. 1843-Jan-01 00:00:00.0000,  7.967843091782691E-02,  2.546646543902995E+00,  1.061913256194368E+01,  8.284632580343758E+01,  6.800076802155431E+01,  2.394325683141300E+06,  2.141215932639830E-01,  3.334097079282280E+02,  3.289296308169258E+02,  2.767126871146504E+00,  2.987607198390014E+00,  1.681287695053570E+03,
2394566.500000000, A.D. 1844-Jan-01 00:00:00.0000,  7.948906363196040E-02,  2.546483192622879E+00,  1.061903589627518E+01,  8.283640813474948E+01,  6.783652215280681E+01,  2.394324991461629E+06,  2.142082936537094E-01,  5.173313190729574E+01,  5.932988069381552E+01,  2.766380161294185E+00,  2.986277129965492E+00,  1.680607197132985E+03,
2394932.500000000, A.D. 1845-Jan-01 00:00:00.0000,  7.945080177470906E-02,  2.545725647895634E+00,  1.062050079678563E+01,  8.283387919024162E+01,  6.759388019182410E+01,  2.394324021280332E+06,  2.143172771072983E-01,  1.304075023769388E+02,  1.369060095812917E+02,  2.765442252085483E+00,  2.985158856275331E+00,  1.679752583921479E+03,
2395297.500000000, A.D. 1846-Jan-01 00:00:00.0000,  7.922146149327541E-02,  2.546840705866764E+00,  1.062016273121308E+01,  8.282771829046035E+01,  6.740590442177547E+01,  2.396002949739980E+06,  2.142565869422175E-01,  2.088527464525751E+02,  2.048259021197953E+02,  2.765964452209225E+00,  2.985088198551687E+00,  1.680228389417441E+03,
2395662.500000000, A.D. 1847-Jan-01 00:00:00.0000,  7.834346944218117E-02,  2.552430257261493E+00,  1.062279190427899E+01,  8.280856069133293E+01,  6.661092951443834E+01,  2.396000299266003E+06,  2.138586911772622E-01,  2.877586910918940E+02,  2.789806603768891E+02,  2.769394207749684E+00,  2.986358158237875E+00,  1.683354546024061E+03,
2396027.500000000, A.D. 1848-Jan-01 00:00:00.0000,  7.720236721959906E-02,  2.553493200861617E+00,  1.062124586933036E+01,  8.280135764140232E+01,  6.658237923258521E+01,  2.396000321962779E+06,  2.141222127932930E-01,  5.819421469072143E+00,  6.811177443906945E+00,  2.767121533643199E+00,  2.980749866424781E+00,  1.681282830509196E+03,
2396393.500000000, A.D. 1849-Jan-01 00:00:00.0000,  7.699725083450291E-02,  2.553849577236542E+00,  1.062104166383579E+01,  8.280039635087304E+01,  6.668358143548224E+01,  2.396000694881446E+06,  2.141487754835584E-01,  8.411873514200522E+01,  9.294780245221746E+01,  2.766892709198886E+00,  2.979935841161229E+00,  1.681074286729412E+03,
2396758.500000000, A.D. 1850-Jan-01 00:00:00.0000,  7.684441216927697E-02,  2.555084516262903E+00,  1.061926981987393E+01,  8.279706759563126E+01,  6.690517726991101E+01,  2.396001472492910E+06,  2.140466932195720E-01,  1.620392345688319E+02,  1.645258386761499E+02,  2.767772355976275E+00,  2.980460195689647E+00,  1.681876017728090E+03,
2397123.500000000, A.D. 1851-Jan-01 00:00:00.0000,  7.665771862965920E-02,  2.555897203303104E+00,  1.061901916160000E+01,  8.278335189123446E+01,  6.703180822679792E+01,  2.397684122520634E+06,  2.140095157763584E-01,  2.400214458259035E+02,  2.327798220923278E+02,  2.768092889139523E+00,  2.980288574975941E+00,  1.682168190951858E+03,
2397488.500000000, A.D. 1852-Jan-01 00:00:00.0000,  7.649713919435190E-02,  2.555627379733108E+00,  1.062061006829714E+01,  8.277834408886703E+01,  6.723408864287005E+01,  2.397684966426724E+06,  2.140992486141816E-01,  3.179366856604931E+02,  3.116295510161661E+02,  2.767319396827447E+00,  2.979011413921786E+00,  1.681463164070881E+03,
2397854.500000000, A.D. 1853-Jan-01 00:00:00.0000,  7.641699191948879E-02,  2.555632854314238E+00,  1.062093561075754E+01,  8.277889395304490E+01,  6.739789435501727E+01,  2.397685627612412E+06,  2.141264324567770E-01,  3.616004189470008E+01,  4.174811841184167E+01,  2.767085180167646E+00,  2.978537506021054E+00,  1.681249698458730E+03,
2398219.500000000, A.D. 1854-Jan-01 00:00:00.0000,  7.687028227114442E-02,  2.557061855099072E+00,  1.061893695607444E+01,  8.277883879191809E+01,  6.818735087436234E+01,  2.397688934993340E+06,  2.137894753927991E-01,  1.134292144356074E+02,  1.211901175428569E+02,  2.769991915535038E+00,  2.982921975971004E+00,  1.683899543410946E+03,
2398584.500000000, A.D. 1855-Jan-01 00:00:00.0000,  7.845251185065771E-02,  2.550229043981133E+00,  1.060836382802808E+01,  8.272430435295165E+01,  6.863079049054949E+01,  2.399373911806156E+06,  2.140976360990260E-01,  1.909887983933542E+02,  1.894262820119529E+02,  2.767333291855117E+00,  2.984437539729100E+00,  1.681475828315499E+03,
2398949.500000000, A.D. 1856-Jan-01 00:00:00.0000,  7.916345882485988E-02,  2.546638676319651E+00,  1.060900874056519E+01,  8.270087644177070E+01,  6.884435802278114E+01,  2.399374052980750E+06,  2.143023312524965E-01,  2.690173064849807E+02,  2.599999008874447E+02,  2.765570828748518E+00,  2.984502981177385E+00,  1.679869733082086E+03,
2399315.500000000, A.D. 1857-Jan-01 00:00:00.0000,  7.941668834787810E-02,  2.546655405560873E+00,  1.060789269177589E+01,  8.269783382240065E+01,  6.873415922094179E+01,  2.399373564635492E+06,  2.142118270155310E-01,  3.475618683462621E+02,  3.453928959669526E+02,  2.766349740786118E+00,  2.986044076011362E+00,  1.680579476005771E+03,
2399680.500000000, A.D. 1858-Jan-01 00:00:00.0000,  7.971366848817418E-02,  2.546526836216688E+00,  1.060811543381938E+01,  8.268918165261174E+01,  6.873154677104594E+01,  2.399373544848439E+06,  2.141243933681244E-01,  6.572658561913532E+01,  7.437544883600063E+01,  2.767102747286608E+00,  2.987678658356528E+00,  1.681265708858706E+03,
2400045.500000000, A.D. 1859-Jan-01 00:00:00.0000,  7.999425906894608E-02,  2.545356987033899E+00,  1.060875968491555E+01,  8.268877256606928E+01,  6.867488914629281E+01,  2.399373521767206E+06,  2.141740398845473E-01,  1.439202928319609E+02,  1.489076896437346E+02,  2.766675112763943E+00,  2.987993238493988E+00,  1.680875983821670E+03,
2400410.500000000, A.D. 1860-Jan-01 00:00:00.0000,  8.036188185169524E-02,  2.543486676945423E+00,  1.060852749683284E+01,  8.268484398321394E+01,  6.873247501075033E+01,  2.401054265956326E+06,  2.142818165352360E-01,  2.220526614549254E+02,  2.163231588242222E+02,  2.765747337731872E+00,  2.988007998518321E+00,  1.680030558919602E+03,
2400776.500000000, A.D. 1861-Jan-01 00:00:00.0000,  8.062168267223836E-02,  2.542623760687289E+00,  1.060850413479822E+01,  8.268262498621114E+01,  6.875984064890623E+01,  2.401054215888910E+06,  2.143000675120282E-01,  3.004854662574232E+02,  2.921260162744680E+02,  2.765590304628464E+00,  2.988556848569639E+00,  1.679887478242600E+03,
2401141.500000000, A.D. 1862-Jan-01 00:00:00.0000,  8.119178868801002E-02,  2.542813710820159E+00,  1.060411879570363E+01,  8.264226400069599E+01,  6.838331460440806E+01,  2.401052547203784E+06,  2.140767775870340E-01,  1.904272797125673E+01,  2.239697790828597E+01,  2.767513045175346E+00,  2.992212379530533E+00,  1.681639662450731E+03,
2401506.500000000, A.D. 1863-Jan-01 00:00:00.0000,  8.095151200043817E-02,  2.541589211137088E+00,  1.060785648366403E+01,  8.260756598970215E+01,  6.787610346726470E+01,  2.401050402099380E+06,  2.143155454242682E-01,  9.774887033822699E+01,  1.067792799371509E+02,  2.765457148696490E+00,  2.989325086255892E+00,  1.679766156427564E+03,
2401871.500000000, A.D. 1864-Jan-01 00:00:00.0000,  8.075359804275455E-02,  2.542295526789561E+00,  1.060771167260352E+01,  8.260589664875461E+01,  6.781017811652301E+01,  2.401049916705218E+06,  2.142954410601616E-01,  1.760615545229661E+02,  1.766387986714785E+02,  2.765630108942004E+00,  2.988964691094446E+00,  1.679923745549646E+03,
2402237.500000000, A.D. 1865-Jan-01 00:00:00.0000,  8.041687840460983E-02,  2.544131463376283E+00,  1.060768011205388E+01,  8.260142877406157E+01,  6.770163371067019E+01,  2.402729699298109E+06,  2.141811458486859E-01,  2.545801903451448E+02,  2.459607935692107E+02,  2.766613918448670E+00,  2.989096373521058E+00,  1.680820216800650E+03,
2402602.500000000, A.D. 1866-Jan-01 00:00:00.0000,  8.024223654205014E-02,  2.544712035193053E+00,  1.060751405600781E+01,  8.260046506909700E+01,  6.761951206307391E+01,  2.402729438385642E+06,  2.141688484888901E-01,  3.328137521180536E+02,  3.282079417256587E+02,  2.766719821560271E+00,  2.988727607927488E+00,  1.680916727806354E+03,
2402967.500000000, A.D. 1867-Jan-01 00:00:00.0000,  7.997513296578838E-02,  2.544626049464701E+00,  1.060748454569302E+01,  8.259397327839658E+01,  6.751451572121002E+01,  2.402728994038699E+06,  2.142730096048261E-01,  5.110539013661894E+01,  5.869204218770758E+01,  2.765823121354912E+00,  2.987020193245122E+00,  1.680099610603927E+03,
2403332.500000000, A.D. 1868-Jan-01 00:00:00.0000,  7.975794894613407E-02,  2.544911116792565E+00,  1.060773081871122E+01,  8.259216034246377E+01,  6.741523380544449E+01,  2.402728475310422E+06,  2.143128727280039E-01,  1.294502664219962E+02,  1.360716486389571E+02,  2.765480140663122E+00,  2.986049164533679E+00,  1.679787104794659E+03,
2403698.500000000, A.D. 1869-Jan-01 00:00:00.0000,  7.867522979366909E-02,  2.550414230143768E+00,  1.060464565715986E+01,  8.254956697638602E+01,  6.742290777748460E+01,  2.404409307120433E+06,  2.139967170482062E-01,  2.078896097728093E+02,  2.040135443950686E+02,  2.768203257546848E+00,  2.985992284949929E+00,  1.682268798165274E+03,
2404063.500000000, A.D. 1870-Jan-01 00:00:00.0000,  7.693991038334883E-02,  2.556640456467841E+00,  1.061750427820385E+01,  8.244985665091666E+01,  6.756223708848140E+01,  2.404410786786118E+06,  2.138181408954905E-01,  2.857437850347621E+02,  2.770641728785869E+02,  2.769744337586537E+00,  2.982848218705233E+00,  1.683673791626314E+03,
2404428.500000000, A.D. 1871-Jan-01 00:00:00.0000,  7.618533685208743E-02,  2.556003805644548E+00,  1.062040920595037E+01,  8.244958654444929E+01,  6.811048511862441E+01,  2.404413062925643E+06,  2.141603690716554E-01,  3.306009541571944E+00,  3.862102568007658E+00,  2.766792850997760E+00,  2.977581896350971E+00,  1.680983281643246E+03,
2404793.500000000, A.D. 1872-Jan-01 00:00:00.0000,  7.626181587022228E-02,  2.556408713872818E+00,  1.062011356058383E+01,  8.245121128882863E+01,  6.832323677888807E+01,  2.404413921441166E+06,  2.140829025786213E-01,  8.126127963178413E+01,  8.999168934701784E+01,  2.767460258537567E+00,  2.978511803202316E+00,  1.681591550113588E+03,
2405159.500000000, A.D. 1873-Jan-01 00:00:00.0000,  7.625639268046341E-02,  2.557106918058655E+00,  1.061827515523835E+01,  8.244816574801828E+01,  6.856611703845054E+01,  2.404414913749375E+06,  2.139971118245506E-01,  1.593393071379328E+02,  1.621681520919700E+02,  2.768199853072557E+00,  2.979292788086459E+00,  1.682265694759248E+03,
2405524.500000000, A.D. 1874-Jan-01 00:00:00.0000,  7.629209103725014E-02,  2.556775341394302E+00,  1.061796345316833E+01,  8.243485492878945E+01,  6.875094678329565E+01,  2.406097999652974E+06,  2.140263343848381E-01,  2.372559715030024E+02,  2.302812407236460E+02,  2.767947872466911E+00,  2.979120403539519E+00,  1.682036002881255E+03,
2405889.500000000, A.D. 1875-Jan-01 00:00:00.0000,  7.626230909105539E-02,  2.556195492776316E+00,  1.061930947076433E+01,  8.243051534910457E+01,  6.895524730601052E+01,  2.406098797433768E+06,  2.141095177462912E-01,  3.151874273902954E+02,  3.085976073849266E+02,  2.767230911906449E+00,  2.978266331036582E+00,  1.681382517644926E+03,
2406254.500000000, A.D. 1876-Jan-01 00:00:00.0000,  7.642343416360811E-02,  2.556138585400120E+00,  1.061955084850166E+01,  8.242616902462200E+01,  6.913085328556252E+01,  2.406099489124977E+06,  2.140606486284579E-01,  3.318172845177701E+01,  3.838234774648086E+01,  2.767652060428014E+00,  2.979165535455909E+00,  1.681766369982588E+03,
2406620.500000000, A.D. 1877-Jan-01 00:00:00.0000,  7.746649213376776E-02,  2.554550995543197E+00,  1.062337658884674E+01,  8.241325569547951E+01,  6.937905914786921E+01,  2.406100831965145E+06,  2.138973641535443E-01,  1.111556228902484E+02,  1.191287548238505E+02,  2.769060390501943E+00,  2.983569785460690E+00,  1.683050192902691E+03,
2406985.500000000, A.D. 1878-Jan-01 00:00:00.0000,  7.853123300777269E-02,  2.548971316270074E+00,  1.062229368495238E+01,  8.240622946835360E+01,  6.904306648242387E+01,  2.407780824844078E+06,  2.142286645812361E-01,  1.896186207448119E+02,  1.882482024109968E+02,  2.766204789110964E+00,  2.983438261951854E+00,  1.680447388792302E+03,
2407350.500000000, A.D. 1879-Jan-01 00:00:00.0000,  7.874510398488388E-02,  2.548266311130263E+00,  1.062217435227113E+01,  8.240237739766467E+01,  6.895072997554882E+01,  2.407780203329735E+06,  2.142429640456442E-01,  2.679390849772280E+02,  2.589897166206442E+02,  2.766081702417841E+00,  2.983897093705418E+00,  1.680335228760662E+03,
2407715.500000000, A.D. 1880-Jan-01 00:00:00.0000,  7.896843527986115E-02,  2.548665807908330E+00,  1.062049815241471E+01,  8.239971024035556E+01,  6.873130008543573E+01,  2.407779303234388E+06,  2.141147106030819E-01,  3.463387889334538E+02,  3.439765862006009E+02,  2.767186169871125E+00,  2.985706531833921E+00,  1.681341739603100E+03,
2408081.500000000, A.D. 1881-Jan-01 00:00:00.0000,  7.913539659926677E-02,  2.548349155604406E+00,  1.062089606500881E+01,  8.238754326582382E+01,  6.860260188853792E+01,  2.407778765780711E+06,  2.140963908424129E-01,  6.481430373420757E+01,  7.334859179477056E+01,  2.767344022338797E+00,  2.986338889073187E+00,  1.681485608344423E+03,
2408446.500000000, A.D. 1882-Jan-01 00:00:00.0000,  7.939862995739275E-02,  2.546773610128465E+00,  1.062247812550543E+01,  8.238712998943049E+01,  6.840032388943644E+01,  2.407778147116830E+06,  2.142032163619844E-01,  1.431633372397950E+02,  1.482092457541674E+02,  2.766423875743956E+00,  2.986074141359447E+00,  1.680647032823410E+03,
2408811.500000000, A.D. 1883-Jan-01 00:00:00.0000,  7.974732727054810E-02,  2.545013055194014E+00,  1.062264006535093E+01,  8.238850699771332E+01,  6.831707166479218E+01,  2.409457950213053E+06,  2.143037069396017E-01,  2.214633229908791E+02,  2.158430072561204E+02,  2.765558993320338E+00,  2.986104931446663E+00,  1.679858949436934E+03,
2409176.500000000, A.D. 1884-Jan-01 00:00:00.0000,  7.989441435057658E-02,  2.545629579595551E+00,  1.062155436438723E+01,  8.238945560201500E+01,  6.800980965684278E+01,  2.409456674499339E+06,  2.141744999298232E-01,  2.999937667108596E+02,  2.916783438817172E+02,  2.766671150897111E+00,  2.987712722198672E+00,  1.680872373312221E+03,
2409542.500000000, A.D. 1885-Jan-01 00:00:00.0000,  7.986218286582425E-02,  2.546368343489736E+00,  1.061477780025553E+01,  8.234680789000990E+01,  6.743069351491263E+01,  2.409454212031230E+06,  2.140925498448061E-01,  1.890179635447096E+01,  2.217234552120343E+01,  2.767377121201856E+00,  2.988385898913977E+00,  1.681515775588460E+03,
2409907.500000000, A.D. 1886-Jan-01 00:00:00.0000,  7.947183099299412E-02,  2.546102256545462E+00,  1.061606167234923E+01,  8.233067538997689E+01,  6.719256779095349E+01,  2.409453156230141E+06,  2.142623853196886E-01,  9.734877988499258E+01,  1.062317410884814E+02,  2.765914550221748E+00,  2.985726843898034E+00,  1.680182919007761E+03,
2410272.500000000, A.D. 1887-Jan-01 00:00:00.0000,  7.920968944276933E-02,  2.547485838056847E+00,  1.061490833469683E+01,  8.232678592878236E+01,  6.728469125930704E+01,  2.409453278897599E+06,  2.141793110426770E-01,  1.754602113039494E+02,  1.761138950598094E+02,  2.766629718893540E+00,  2.985773599730233E+00,  1.680834615852635E+03,
2410637.500000000, A.D. 1888-Jan-01 00:00:00.0000,  7.894698911357023E-02,  2.548779593113751E+00,  1.061498916842705E+01,  8.231885624522712E+01,  6.727398364437745E+01,  2.411134319154779E+06,  2.141078506893499E-01,  2.536271185888334E+02,  2.452127183803730E+02,  2.767245275774934E+00,  2.985710958436117E+00,  1.681395608992992E+03,
2411003.500000000, A.D. 1889-Jan-01 00:00:00.0000,  7.874409437670457E-02,  2.549200158120807E+00,  1.061530616604622E+01,  8.231714708369049E+01,  6.725760376427195E+01,  2.411134319212697E+06,  2.141256015714627E-01,  3.319882573842768E+02,  3.273539054380712E+02,  2.767092338361826E+00,  2.984984518602847E+00,  1.681256222319837E+03,
2411368.500000000, A.D. 1890-Jan-01 00:00:00.0000,  7.841560303124846E-02,  2.549214682789595E+00,  1.061525887378989E+01,  8.231383770031006E+01,  6.722764690009845E+01,  2.411134178209433E+06,  2.142383066117936E-01,  5.020070361329739E+01,  5.754488616787987E+01,  2.766121791096287E+00,  2.983028899402980E+00,  1.680371758409811E+03,
2411733.500000000, A.D. 1891-Jan-01 00:00:00.0000,  7.805775613731558E-02,  2.551187801457114E+00,  1.061289760803989E+01,  8.231237641785889E+01,  6.750331293191012E+01,  2.411135053298533E+06,  2.141144619906491E-01,  1.281360935145948E+02,  1.347562671505607E+02,  2.767188311892878E+00,  2.983188822328642E+00,  1.681343691841432E+03,
2412098.500000000, A.D. 1892-Jan-01 00:00:00.0000,  7.657454178739390E-02,  2.559061607211976E+00,  1.060119494020710E+01,  8.217452274461735E+01,  6.846288592229413E+01,  2.412822711919817E+06,  2.136415535297174E-01,  2.052782403655030E+02,  2.018326394688966E+02,  2.771270365629001E+00,  2.983479124046026E+00,  1.685065447485263E+03,
2412464.500000000, A.D. 1893-Jan-01 00:00:00.0000,  7.640959016950162E-02,  2.556165135021318E+00,  1.061358964803311E+01,  8.203453155682278E+01,  6.992343510244721E+01,  2.412828424550408E+06,  2.140621265754159E-01,  2.820975368265638E+02,  2.733950230904392E+02,  2.767639321298754E+00,  2.979113507576189E+00,  1.681754758580187E+03,
2412829.500000000, A.D. 1894-Jan-01 00:00:00.0000,  7.638809743491216E-02,  2.555263870395194E+00,  1.061539020578509E+01,  8.203349588187974E+01,  7.029941985520570E+01,  2.412829906107964E+06,  2.141828651355371E-01,  3.599130186326038E+02,  3.598983338540555E+02,  2.766599113002576E+00,  2.977934355609960E+00,  1.680806724535076E+03,
2413194.500000000, A.D. 1895-Jan-01 00:00:00.0000,  7.666276356789326E-02,  2.555430987348223E+00,  1.061544955172492E+01,  8.203237017245490E+01,  7.047204897699488E+01,  2.412830616185073E+06,  2.140663302555359E-01,  7.789527290072837E+01,  8.662685469877177E+01,  2.767603088577620E+00,  2.979775189807018E+00,  1.681721733493818E+03,
2413559.500000000, A.D. 1896-Jan-01 00:00:00.0000,  7.680880066454662E-02,  2.555265988426322E+00,  1.061444776587043E+01,  8.203032376963309E+01,  7.060976454726541E+01,  2.412831296889586E+06,  2.140362759328069E-01,  1.558618818756439E+02,  1.591686169322267E+02,  2.767862161452249E+00,  2.980458334478175E+00,  1.681957875743530E+03,
2413925.500000000, A.D. 1897-Jan-01 00:00:00.0000,  7.694614646464162E-02,  2.554471210036522E+00,  1.061417571528314E+01,  8.201957178096073E+01,  7.076796762741303E+01,  2.414513848428019E+06,  2.140883893852455E-01,  2.340414326479639E+02,  2.273020276055499E+02,  2.767412974067250E+00,  2.980354738097978E+00,  1.681548453112004E+03,
2414290.500000000, A.D. 1898-Jan-01 00:00:00.0000,  7.701534551346356E-02,  2.553549874367576E+00,  1.061541826417277E+01,  8.201514641496682E+01,  7.099285925724749E+01,  2.414514676157983E+06,  2.141801792536512E-01,  3.119859102986558E+02,  3.049933265769134E+02,  2.766622242260502E+00,  2.979694610153428E+00,  1.680827802341392E+03,
2414655.500000000, A.D. 1899-Jan-01 00:00:00.0000,  7.753202208608269E-02,  2.553435776997642E+00,  1.061512136011014E+01,  8.199863962018530E+01,  7.108019341436592E+01,  2.414514964847055E+06,  2.140147045952173E-01,  3.007658924278521E+01,  3.492919873629393E+01,  2.768048147071749E+00,  2.982660517145856E+00,  1.682127406529827E+03,
2415020.500000000, A.D. 1900-Jan-01 00:00:00.0000,  7.828775645690905E-02,  2.550622045595978E+00,  1.062247326236750E+01,  8.196918560219150E+01,  7.066654654536364E+01,  2.414513489967748E+06,  2.141055597910346E-01,  1.085536667750177E+02,  1.167732292780859E+02,  2.767265015154087E+00,  2.983907984712195E+00,  1.681413599681191E+03,
2415385.500000000, A.D. 1901-Jan-01 00:00:00.0000,  7.865907493461782E-02,  2.548248576703585E+00,  1.062325577563388E+01,  8.197085262895359E+01,  7.032393217821654E+01,  2.416192412274444E+06,  2.142752113886415E-01,  1.870987018214441E+02,  1.860841800882602E+02,  2.765804174521773E+00,  2.983359772339960E+00,  1.680082346749154E+03,
2415750.500000000, A.D. 1902-Jan-01 00:00:00.0000,  7.856202860524795E-02,  2.549239299820278E+00,  1.062288088759969E+01,  8.197309186091923E+01,  7.009230935976213E+01,  2.416191513841034E+06,  2.141841474072274E-01,  2.655418264632403E+02,  2.566700769938037E+02,  2.766588070992531E+00,  2.983936842164784E+00,  1.680796661928175E+03,
2416115.500000000, A.D. 1903-Jan-01 00:00:00.0000,  7.859550189823299E-02,  2.549905934020538E+00,  1.062128552553848E+01,  8.197086431241370E+01,  6.985657444375924E+01,  2.416190590097766E+06,  2.140884937118830E-01,  3.439240740764942E+02,  3.411724256065548E+02,  2.767412075015622E+00,  2.984918216010706E+00,  1.681547633683118E+03,
2416480.500000000, A.D. 1904-Jan-01 00:00:00.0000,  7.856620303507875E-02,  2.549602223358541E+00,  1.062159847431107E+01,  8.195861542984386E+01,  6.967077450138386E+01,  2.416189811170995E+06,  2.141369617403841E-01,  6.224722265498130E+01,  7.056614190283842E+01,  2.766994472914481E+00,  2.984386722470421E+00,  1.681167030082633E+03,
2416846.500000000, A.D. 1905-Jan-01 00:00:00.0000,  7.867318218020444E-02,  2.548319343286172E+00,  1.062333840872311E+01,  8.195805714351658E+01,  6.940029940545433E+01,  2.416188815902761E+06,  2.142613647123866E-01,  1.409162922241591E+02,  1.461885337869255E+02,  2.765923333607557E+00,  2.983527323928943E+00,  1.680190922349652E+03,
2417211.500000000, A.D. 1906-Jan-01 00:00:00.0000,  7.877294691730660E-02,  2.547852439683248E+00,  1.062338454170709E+01,  8.195694424778716E+01,  6.924395012993902E+01,  2.417868055514227E+06,  2.142854535542216E-01,  2.193097038504534E+02,  2.140045380304699E+02,  2.765716042703472E+00,  2.983579645723696E+00,  1.680002044137390E+03,
2417576.500000000, A.D. 1907-Jan-01 00:00:00.0000,  7.857393311750019E-02,  2.550892630824830E+00,  1.062215201410928E+01,  8.195736793322850E+01,  6.851216127586277E+01,  2.417865301652595E+06,  2.139718030759817E-01,  2.982045896628788E+02,  2.899134806265145E+02,  2.768418131967304E+00,  2.985943633109777E+00,  1.682464674432656E+03,
2417941.500000000, A.D. 1908-Jan-01 00:00:00.0000,  7.773632892455604E-02,  2.552003062967758E+00,  1.061634982185635E+01,  8.193183435361030E+01,  6.810977327706402E+01,  2.417863675378153E+06,  2.141237986941222E-01,  1.666410366177012E+01,  1.947838323724002E+01,  2.767107870563620E+00,  2.982212678159482E+00,  1.681270378143549E+03,
2418307.500000000, A.D. 1909-Jan-01 00:00:00.0000,  7.746356523579716E-02,  2.552329217106516E+00,  1.061635782198306E+01,  8.192741035881674E+01,  6.812169162782439E+01,  2.417863656795789E+06,  2.141777376432526E-01,  9.506133334617874E+01,  1.037945768155522E+02,  2.766643268413439E+00,  2.980957319720363E+00,  1.680846963654260E+03,
2418672.500000000, A.D. 1910-Jan-01 00:00:00.0000,  7.723120313273323E-02,  2.553709512862591E+00,  1.061485125008869E+01,  8.192284753651037E+01,  6.827538713138544E+01,  2.417864076866549E+06,  2.140849724331712E-01,  1.730712442390722E+02,  1.740451738546275E+02,  2.767442420606602E+00,  2.981175328350615E+00,  1.681575291849958E+03,
2419037.500000000, A.D. 1911-Jan-01 00:00:00.0000,  7.695924761109973E-02,  2.554928672941017E+00,  1.061501550247630E+01,  8.191055855577083E+01,  6.834587957722277E+01,  2.419546231018749E+06,  2.140263361231612E-01,  2.511181639849048E+02,  2.430526724062389E+02,  2.767947857479385E+00,  2.980967042017753E+00,  1.682035989219749E+03,
2419402.500000000, A.D. 1912-Jan-01 00:00:00.0000,  7.674998411594947E-02,  2.554915671120293E+00,  1.061619407755111E+01,  8.190828638007721E+01,  6.847892288237334E+01,  2.419546813749062E+06,  2.141007577458122E-01,  3.291023169726678E+02,  3.241886441380383E+02,  2.767306392812628E+00,  2.979697114504963E+00,  1.681451311944465E+03,
2419768.500000000, A.D. 1913-Jan-01 00:00:00.0000,  7.652979090024555E-02,  2.554989868333609E+00,  1.061637524445908E+01,  8.190862688922086E+01,  6.858290327608842E+01,  2.419547228979248E+06,  2.141680266565487E-01,  4.738917787080339E+01,  5.427226916172013E+01,  2.766726899424663E+00,  2.978463930515718E+00,  1.680923178030282E+03,
2420133.500000000, A.D. 1914-Jan-01 00:00:00.0000,  7.645545092085265E-02,  2.557891512767749E+00,  1.061123793071908E+01,  8.190731735766104E+01,  6.940209524637191E+01,  2.419550418240250E+06,  2.138295227253971E-01,  1.246800943972417E+02,  1.314964795508110E+02,  2.769646050445736E+00,  2.981400588123724E+00,  1.683584172155297E+03,
2420498.500000000, A.D. 1915-Jan-01 00:00:00.0000,  7.720869065643042E-02,  2.555190880755821E+00,  1.059457372596655E+01,  8.176838047332903E+01,  7.066380114849460E+01,  2.421239849784298E+06,  2.139066539532770E-01,  2.014203482317510E+02,  1.984576304167655E+02,  2.768980217827869E+00,  2.982769554899916E+00,  1.682977099340883E+03,
2420863.500000000, A.D. 1916-Jan-01 00:00:00.0000,  7.800007082612261E-02,  2.550183337043144E+00,  1.059845511714449E+01,  8.171319211753881E+01,  7.137499902313382E+01,  2.421241937180994E+06,  2.142610850135134E-01,  2.789156389907445E+02,  2.699864375253231E+02,  2.765925740719023E+00,  2.981668144394902E+00,  1.680193115690117E+03,
2421229.500000000, A.D. 1917-Jan-01 00:00:00.0000,  7.826102512588762E-02,  2.549823235963704E+00,  1.059816418889561E+01,  8.171000646158227E+01,  7.142112480669098E+01,  2.421242064262060E+06,  2.142154989029912E-01,  3.573085403344469E+02,  3.568420446459131E+02,  2.766318128526516E+00,  2.982813021089327E+00,  1.680550669039256E+03,
2421594.500000000, A.D. 1918-Jan-01 00:00:00.0000,  7.855936167166983E-02,  2.549751822912042E+00,  1.059847962227995E+01,  8.170507225102295E+01,  7.148666192099130E+01,  2.421242340244214E+06,  2.141205008327342E-01,  7.540462328210734E+01,  8.430118031204313E+01,  2.767136282959888E+00,  2.984520743007734E+00,  1.681296272892727E+03,
2421959.500000000, A.D. 1919-Jan-01 00:00:00.0000,  7.878880913073613E-02,  2.549089922948346E+00,  1.059802256105721E+01,  8.170401003521189E+01,  7.155268658024436E+01,  2.421242787386319E+06,  2.141239012276650E-01,  1.534653009005269E+02,  1.571686172827700E+02,  2.767106987207787E+00,  2.985124051467228E+00,  1.681269573064773E+03,
2422324.500000000, A.D. 1920-Jan-01 00:00:00.0000,  7.911912501516630E-02,  2.547328942298512E+00,  1.059783433437211E+01,  8.169594876216273E+01,  7.168574480658911E+01,  2.422924310429117E+06,  2.142307011698886E-01,  2.315021912013462E+02,  2.248338746097881E+02,  2.766187257760635E+00,  2.985045573222759E+00,  1.680431413583965E+03,
2422690.500000000, A.D. 1921-Jan-01 00:00:00.0000,  7.931248021490413E-02,  2.546455117029288E+00,  1.059834192072427E+01,  8.169233372632901E+01,  7.180142952247601E+01,  2.422924658410428E+06,  2.142734782205331E-01,  3.098260629430869E+02,  3.023953256013343E+02,  2.765819088786686E+00,  2.985183060544085E+00,  1.680095936229136E+03,
2423055.500000000, A.D. 1922-Jan-01 00:00:00.0000,  8.000344195946665E-02,  2.546332074249376E+00,  1.059659225044485E+01,  8.165511161544566E+01,  7.163440578958260E+01,  2.422923841594671E+06,  2.140478238409897E-01,  2.818119515103131E+01,  3.292201314142505E+01,  2.767762609539230E+00,  2.989193144829083E+00,  1.681867133895434E+03,
2423420.500000000, A.D. 1923-Jan-01 00:00:00.0000,  8.009036336457621E-02,  2.544166650362495E+00,  1.060273320788483E+01,  8.162231270078846E+01,  7.101335537657603E+01,  2.422921342022259E+06,  2.142907837695574E-01,  1.069649542748673E+02,  1.154626954840580E+02,  2.765670180027468E+00,  2.987173709692441E+00,  1.679960256186913E+03,
2423785.500000000, A.D. 1924-Jan-01 00:00:00.0000,  7.997368223033363E-02,  2.544417803745625E+00,  1.060298409072906E+01,  8.162237301960411E+01,  7.085701948555011E+01,  2.424600394324004E+06,  2.142998225074114E-01,  1.853682910036189E+02,  1.845887784917476E+02,  2.765592412523393E+00,  2.986767021301160E+00,  1.679889398823695E+03,
2424151.500000000, A.D. 1925-Jan-01 00:00:00.0000,  7.971774857698936E-02,  2.545965744146418E+00,  1.060289288653003E+01,  8.162155738681102E+01,  7.069139420246704E+01,  2.424599926292451E+06,  2.141937574504222E-01,  2.639498874803984E+02,  2.549967608937940E+02,  2.766505319655629E+00,  2.987044895164839E+00,  1.680721251100543E+03,
2424516.500000000, A.D. 1926-Jan-01 00:00:00.0000,  7.961147737870818E-02,  2.546637922993015E+00,  1.060191658767563E+01,  8.161979977285201E+01,  7.052642206957442E+01,  2.424599316536971E+06,  2.141460471485491E-01,  3.422651659690121E+02,  3.391981295579736E+02,  2.766916210276200E+00,  2.987194497559384E+00,  1.681095704513634E+03,
2424881.500000000, A.D. 1927-Jan-01 00:00:00.0000,  7.940442232680160E-02,  2.546421915094737E+00,  1.060220093971582E+01,  8.161056890959199E+01,  7.037268695453918E+01,  2.424598666643298E+06,  2.142455723550332E-01,  6.059579438767089E+01,  6.889857659620149E+01,  2.766059252131983E+00,  2.985696589169228E+00,  1.680314771702411E+03,
2425246.500000000, A.D. 1928-Jan-01 00:00:00.0000,  7.935682641548129E-02,  2.545791792316694E+00,  1.060343947586138E+01,  8.160945529360453E+01,  7.014152772637807E+01,  2.424597719413918E+06,  2.143417424269364E-01,  1.390607612735797E+02,  1.445944946760219E+02,  2.765231813325318E+00,  2.984671834333942E+00,  1.679560854193927E+03,
2425612.500000000, A.D. 1929-Jan-01 00:00:00.0000,  7.880910631726616E-02,  2.548646704729415E+00,  1.060299367090067E+01,  8.159553713948614E+01,  6.990590033290307E+01,  2.426276591511062E+06,  2.141726804100511E-01,  2.177697410382192E+02,  2.126458367093966E+02,  2.766686820513872E+00,  2.984726936298329E+00,  1.680886653287200E+03,
2425977.500000000, A.D. 1930-Jan-01 00:00:00.0000,  7.751928110780421E-02,  2.555022427117987E+00,  1.060793297788383E+01,  8.156905354618367E+01,  6.920783915664957E+01,  2.426274511633123E+06,  2.138198130035893E-01,  2.964930281456616E+02,  2.882133601868679E+02,  2.769729897646323E+00,  2.984437368174658E+00,  1.683660625004647E+03,
2426342.500000000, A.D. 1931-Jan-01 00:00:00.0000,  7.647377842830579E-02,  2.555261493762252E+00,  1.060723606967257E+01,  8.156396055708191E+01,  6.943392134250416E+01,  2.426275502010867E+06,  2.141533608475180E-01,  1.434784454299824E+01,  1.673936461932413E+01,  2.766853213343098E+00,  2.978444932923944E+00,  1.681038292256025E+03,
2426707.500000000, A.D. 1932-Jan-01 00:00:00.0000,  7.638454664747654E-02,  2.555821458293293E+00,  1.060673135380886E+01,  8.156563615166405E+01,  6.961489888107766E+01,  2.426276203673236E+06,  2.141140132373001E-01,  9.234658741791306E+01,  1.010249289719689E+02,  2.767192178320768E+00,  2.978562898348243E+00,  1.681347215705196E+03,
2427073.500000000, A.D. 1933-Jan-01 00:00:00.0000,  7.627518134624850E-02,  2.556885070722775E+00,  1.060471181334743E+01,  8.155960444452056E+01,  6.986227030489542E+01,  2.426277142141576E+06,  2.140184337462792E-01,  1.704352615614411E+02,  1.717622968038922E+02,  2.768015992521683E+00,  2.979146914320591E+00,  1.682098096404085E+03,
2427438.500000000, A.D. 1934-Jan-01 00:00:00.0000,  7.619693720908058E-02,  2.557086310876508E+00,  1.060480613408888E+01,  8.154660330188032E+01,  7.000850410903736E+01,  2.427959967889136E+06,  2.140203597080997E-01,  2.483952547908966E+02,  2.405767802967245E+02,  2.767999386309940E+00,  2.978912461743372E+00,  1.682082959261449E+03,
2427803.500000000, A.D. 1935-Jan-01 00:00:00.0000,  7.606913715959832E-02,  2.556705161788148E+00,  1.060616083309081E+01,  8.154399818393038E+01,  7.020408343380366E+01,  2.427960763869141E+06,  2.141126433841248E-01,  3.263278172693157E+02,  3.210884728689119E+02,  2.767203980964741E+00,  2.977702800141333E+00,  1.681357972654369E+03,
2428168.500000000, A.D. 1936-Jan-01 00:00:00.0000,  7.611159079507178E-02,  2.556807326130584E+00,  1.060638641273589E+01,  8.154273481583368E+01,  7.038741350259885E+01,  2.427961498649488E+06,  2.140850539971424E-01,  4.431589530192168E+01,  5.083844681006072E+01,  2.767441717697162E+00,  2.978076109263739E+00,  1.681574651188893E+03,
2428534.500000000, A.D. 1937-Jan-01 00:00:00.0000,  7.688065360600548E-02,  2.556957356657417E+00,  1.060386828296683E+01,  8.153998976185611E+01,  7.110439191511769E+01,  2.427964728897996E+06,  2.137989782496450E-01,  1.218164794446443E+02,  1.289228187892425E+02,  2.769909835218736E+00,  2.982862313780055E+00,  1.683824698075224E+03,
2428899.500000000, A.D. 1938-Jan-01 00:00:00.0000,  7.840399206015633E-02,  2.549644075938271E+00,  1.059739950251229E+01,  8.149709557027023E+01,  7.120378120492143E+01,  2.429647451692055E+06,  2.141882358720401E-01,  1.997975465612142E+02,  1.970132893283184E+02,  2.766552864782696E+00,  2.983461653627121E+00,  1.680764578569434E+03,
2429264.500000000, A.D. 1939-Jan-01 00:00:00.0000,  7.884875229305639E-02,  2.547634125709098E+00,  1.059797261156313E+01,  8.148517604696505E+01,  7.128320143527395E+01,  2.429647344936231E+06,  2.142865458904328E-01,  2.779614810035011E+02,  2.689270319286155E+02,  2.765706643779748E+00,  2.983779161850397E+00,  1.679993480244309E+03,
2429629.500000000, A.D. 1940-Jan-01 00:00:00.0000,  7.913745627918789E-02,  2.547712614605746E+00,  1.059674927880016E+01,  8.148079644008172E+01,  7.115594726876776E+01,  2.429646792375652E+06,  2.141759146321934E-01,  3.562963896284964E+02,  3.556467842732759E+02,  2.766658967701659E+00,  2.985605320797572E+00,  1.680861270597265E+03,
2429995.500000000, A.D. 1941-Jan-01 00:00:00.0000,  7.942864568734190E-02,  2.547432308243196E+00,  1.059736791034861E+01,  8.147187004399800E+01,  7.111598642714277E+01,  2.429646636255885E+06,  2.141096690381025E-01,  7.469510079185740E+01,  8.367316011301881E+01,  2.767229608339517E+00,  2.987026908435839E+00,  1.681381329564968E+03,
2430360.500000000, A.D. 1942-Jan-01 00:00:00.0000,  7.974365207091925E-02,  2.545844374245827E+00,  1.059816822465051E+01,  8.147235607680842E+01,  7.099283530771594E+01,  2.429646394513336E+06,  2.142000306978061E-01,  1.529614171650150E+02,  1.567729573237643E+02,  2.766451304546742E+00,  2.987058234847658E+00,  1.680672028044145E+03,
2430725.500000000, A.D. 1943-Jan-01 00:00:00.0000,  8.010413413267141E-02,  2.544021969748970E+00,  1.059809394110926E+01,  8.146933620547341E+01,  7.101913633378030E+01,  2.431326775057151E+06,  2.143042521736184E-01,  2.311441985265833E+02,  2.244346947413704E+02,  2.765554302551762E+00,  2.987086635354554E+00,  1.679854675530872E+03,
2431090.500000000, A.D. 1944-Jan-01 00:00:00.0000,  8.034336340356263E-02,  2.543855794379430E+00,  1.059726078723537E+01,  8.146849574827378E+01,  7.089069581070835E+01,  2.431326162928443E+06,  2.142416502964474E-01,  3.095111852965614E+02,  3.019470421403734E+02,  2.766093010315242E+00,  2.988330226251054E+00,  1.680345532728421E+03,
2431456.500000000, A.D. 1945-Jan-01 00:00:00.0000,  8.065166249516970E-02,  2.543994475586453E+00,  1.059304016534442E+01,  8.141613915871724E+01,  7.043014288781069E+01,  2.431324122390345E+06,  2.141164186347968E-01,  2.834421968674703E+01,  3.315167674168605E+01,  2.767171453739738E+00,  2.990348431893024E+00,  1.681328327343390E+03,
2431821.500000000, A.D. 1946-Jan-01 00:00:00.0000,  8.037384645937169E-02,  2.543250090943915E+00,  1.059586375470518E+01,  8.139691456410921E+01,  7.006692530447057E+01,  2.431322576334730E+06,  2.143075352799889E-01,  1.069231009967811E+02,  1.154523110646736E+02,  2.765526057683565E+00,  2.987802024423216E+00,  1.679828940824066E+03,
2432186.500000000, A.D. 1947-Jan-01 00:00:00.0000,  8.014189816011280E-02,  2.544315976421139E+00,  1.059530829040681E+01,  8.139378975965072E+01,  7.006307835186897E+01,  2.433002550130243E+06,  2.142539134112834E-01,  1.851580660556362E+02,  1.844075850816095E+02,  2.765987461905303E+00,  2.987658947389467E+00,  1.680249355860966E+03,
2432551.500000000, A.D. 1948-Jan-01 00:00:00.0000,  7.984933911089934E-02,  2.545875443139562E+00,  1.059542727852653E+01,  8.138899229484043E+01,  6.997524971902195E+01,  2.433002451356635E+06,  2.141592116478396E-01,  2.634246129714848E+02,  2.544739897374974E+02,  2.766802819746492E+00,  2.987730196353422E+00,  1.680992366520189E+03,
2432917.500000000, A.D. 1949-Jan-01 00:00:00.0000,  7.968157518456213E-02,  2.546307330163815E+00,  1.059509187440913E+01,  8.138759776708508E+01,  6.990781710690089E+01,  2.433002228521470E+06,  2.141632844016488E-01,  3.418542615594870E+02,  3.387163062169972E+02,  2.766767742017612E+00,  2.987228153871409E+00,  1.680960399004921E+03,
2433282.500000000, A.D. 1950-Jan-01 00:00:00.0000,  7.936340552242631E-02,  2.546179489756685E+00,  1.059524887547772E+01,  8.138038633229110E+01,  6.977755010243692E+01,  2.433001671704039E+06,  2.142904916736632E-01,  6.017883361748231E+01,  6.844851764878601E+01,  2.765672693253679E+00,  2.985165896750672E+00,  1.679962546113495E+03,
2433647.500000000, A.D. 1951-Jan-01 00:00:00.0000,  7.901974279696188E-02,  2.547437495316932E+00,  1.059428555851341E+01,  8.137778914719152E+01,  6.981189795941764E+01,  2.433001564299836E+06,  2.142516865624740E-01,  1.383928131710557E+02,  1.439821768058457E+02,  2.766006627604969E+00,  2.984575759893007E+00,  1.680266819720119E+03,
2434012.500000000, A.D. 1952-Jan-01 00:00:00.0000,  7.749515899524342E-02,  2.555185034107224E+00,  1.059090383505862E+01,  8.129692325251010E+01,  6.998067371539837E+01,  2.434684080985864E+06,  2.138077887876492E-01,  2.164107544205665E+02,  2.115277220653153E+02,  2.769833740193944E+00,  2.984482446280664E+00,  1.683755311447268E+03,
2434378.500000000, A.D. 1953-Jan-01 00:00:00.0000,  7.607127766297000E-02,  2.558127012265199E+00,  1.060656593655471E+01,  8.119574294866335E+01,  7.074821371035287E+01,  2.434687802359286E+06,  2.139334135783813E-01,  2.938298904501264E+02,  2.855667265541087E+02,  2.768749309789341E+00,  2.979371607313483E+00,  1.682766586006456E+03,
2434743.500000000, A.D. 1954-Jan-01 00:00:00.0000,  7.566852483553059E-02,  2.557475183624907E+00,  1.060815896460346E+01,  8.119710492802778E+01,  7.120326312036002E+01,  2.434689658542069E+06,  2.141551605882399E-01,  1.153042606962422E+01,  1.343951512087799E+01,  2.766837711730900E+00,  2.976200239836893E+00,  1.681024164961304E+03,
2435108.500000000, A.D. 1955-Jan-01 00:00:00.0000,  7.583888592465528E-02,  2.557812249453116E+00,  1.060787763182924E+01,  8.119820860809764E+01,  7.141000832766871E+01,  2.434690508319930E+06,  2.140536391411036E-01,  8.947264024969159E+01,  9.813721484268031E+01,  2.767712480536791E+00,  2.977612711620465E+00,  1.681821441786790E+03,
2435473.500000000, A.D. 1956-Jan-01 00:00:00.0000,  7.585555074506835E-02,  2.558232412877028E+00,  1.060632544657955E+01,  8.119385719781414E+01,  7.160042667325513E+01,  2.434691313703820E+06,  2.139951187446322E-01,  1.673840493315056E+02,  1.691210689501585E+02,  2.768217041112500E+00,  2.978201669347973E+00,  1.682281362826787E+03,
2435839.500000000, A.D. 1957-Jan-01 00:00:00.0000,  7.590888090107528E-02,  2.557739393791960E+00,  1.060646179230047E+01,  8.118152206512625E+01,  7.178212933354339E+01,  2.436374347469286E+06,  2.140384661192777E-01,  2.455220680662862E+02,  2.379274482944745E+02,  2.767843279660555E+00,  2.977947165529149E+00,  1.681940664812007E+03,
2436204.500000000, A.D. 1958-Jan-01 00:00:00.0000,  7.587922955786172E-02,  2.557143645276942E+00,  1.060777544623368E+01,  8.117867488956104E+01,  7.199264534410065E+01,  2.436375172116465E+06,  2.141235741110294E-01,  3.234550764214236E+02,  3.178610036512972E+02,  2.767109805413742E+00,  2.977075965550541E+00,  1.681272141540703E+03,
2436569.500000000, A.D. 1959-Jan-01 00:00:00.0000,  7.624412008931818E-02,  2.557143240567506E+00,  1.060816557926170E+01,  8.116965050102098E+01,  7.220159822928569E+01,  2.436375988579350E+06,  2.139968168912083E-01,  4.141082805114157E+01,  4.762098889471082E+01,  2.768202396519258E+00,  2.979261552471011E+00,  1.682268013280855E+03,
2436934.500000000, A.D. 1960-Jan-01 00:00:00.0000,  7.735718537159755E-02,  2.554099777805017E+00,  1.061287427279502E+01,  8.115729112739439E+01,  7.211614303284914E+01,  2.436376106894926E+06,  2.139920754113818E-01,  1.194916994502433E+02,  1.268363416438578E+02,  2.768243286903707E+00,  2.982386796002398E+00,  1.682305287744559E+03,
2437300.500000000, A.D. 1961-Jan-01 00:00:00.0000,  7.813886564448426E-02,  2.549863583724947E+00,  1.061232669760187E+01,  8.115326747152073E+01,  7.178749504082454E+01,  2.438055635920942E+06,  2.142530003288817E-01,  1.982098632820849E+02,  1.956508500889268E+02,  2.765995320442256E+00,  2.982127057159565E+00,  1.680256516582705E+03,
2437665.500000000, A.D. 1962-Jan-01 00:00:00.0000,  7.823537032368469E-02,  2.549970538221936E+00,  1.061186515227888E+01,  8.115437404559552E+01,  7.160159244334223E+01,  2.438054774871177E+06,  2.142058802207761E-01,  2.766150335717339E+02,  2.676450126463511E+02,  2.766400940245859E+00,  2.982831342269783E+00,  1.680626132340335E+03,
2438030.500000000, A.D. 1963-Jan-01 00:00:00.0000,  7.842433407120031E-02,  2.550452592688211E+00,  1.061003559451508E+01,  8.114955908909884E+01,  7.136030874960635E+01,  2.438053792485528E+06,  2.140793063829791E-01,  3.550135608541858E+02,  3.541483399295100E+02,  2.767491251103908E+00,  2.984529909519605E+00,  1.681619798206814E+03,
2438395.500000000, A.D. 1964-Jan-01 00:00:00.0000,  7.850384757065716E-02,  2.550012181245606E+00,  1.061086780040050E+01,  8.113811937807021E+01,  7.119847000350495E+01,  2.438053127076352E+06,  2.141070563798662E-01,  7.330445886634186E+01,  8.213556227427037E+01,  2.767252119852049E+00,  2.984492058458493E+00,  1.681401846753207E+03,
2438761.500000000, A.D. 1965-Jan-01 00:00:00.0000,  7.875050694811324E-02,  2.548437809329487E+00,  1.061219424336614E+01,  8.113876430277713E+01,  7.099239986811777E+01,  2.438052493072325E+06,  2.142194535124587E-01,  1.518830765829670E+02,  1.557922159249794E+02,  2.766284083247742E+00,  2.984130357165998E+00,  1.680519645145406E+03,
2439126.500000000, A.D. 1966-Jan-01 00:00:00.0000,  7.902054722059729E-02,  2.547145084138528E+00,  1.061217560214311E+01,  8.113760703886602E+01,  7.091641761856751E+01,  2.439732311498697E+06,  2.142883008726268E-01,  2.301816832951620E+02,  2.236553218091687E+02,  2.765691543336344E+00,  2.984238002534160E+00,  1.679979721403384E+03,
2439491.500000000, A.D. 1967-Jan-01 00:00:00.0000,  7.917646327204836E-02,  2.548329646789345E+00,  1.060996418414718E+01,  8.113828888119176E+01,  7.044807386591417E+01,  2.439730427121221E+06,  2.140845276820210E-01,  3.088494001029414E+02,  3.013387677588974E+02,  2.767446253431536E+00,  2.986562860073726E+00,  1.681578785248352E+03,
2439856.500000000, A.D. 1968-Jan-01 00:00:00.0000,  7.883141673932983E-02,  2.548954224498315E+00,  1.060386397774339E+01,  8.109162335707039E+01,  6.990639605105520E+01,  2.439728100007600E+06,  2.141261439830741E-01,  2.749379526004117E+01,  3.205694381652501E+01,  2.767087665404040E+00,  2.985221106309765E+00,  1.681251963461578E+03,
2440222.500000000, A.D. 1969-Jan-01 00:00:00.0000,  7.851540772490082E-02,  2.548986993505060E+00,  1.060468197275003E+01,  8.108382359612793E+01,  6.977217931494491E+01,  2.439727472828412E+06,  2.142322069130232E-01,  1.060507634512103E+02,  1.144386177848587E+02,  2.766174296210139E+00,  2.983361598915219E+00,  1.680419602577112E+03,
2440587.500000000, A.D. 1970-Jan-01 00:00:00.0000,  7.822776180212938E-02,  2.550539490502609E+00,  1.060352025277683E+01,  8.107837024485464E+01,  6.987471210539951E+01,  2.441408770701514E+06,  2.141368607239979E-01,  1.841356701731710E+02,  1.835468188627111E+02,  2.766995343111107E+00,  2.983451195719604E+00,  1.681167823152156E+03,
2440952.500000000, A.D. 1971-Jan-01 00:00:00.0000,  7.793119680013545E-02,  2.551957397257950E+00,  1.060388970840567E+01,  8.107016676180218E+01,  6.985465395908858E+01,  2.441408954148174E+06,  2.140616836081499E-01,  2.622906565518814E+02,  2.535888391252265E+02,  2.767643139429365E+00,  2.983328881600781E+00,  1.681758238709348E+03,
2441317.500000000, A.D. 1972-Jan-01 00:00:00.0000,  7.766082044146068E-02,  2.552156556652114E+00,  1.060448557230522E+01,  8.106900013103147E+01,  6.991766705138538E+01,  2.441409265810238E+06,  2.141307765960573E-01,  3.403501157888738E+02,  3.370596186853123E+02,  2.767047755548731E+00,  2.981938954445349E+00,  1.681215590410503E+03,
2441683.500000000, A.D. 1973-Jan-01 00:00:00.0000,  7.739154248660336E-02,  2.552265819915393E+00,  1.060453261649639E+01,  8.106782712565922E+01,  6.995002481911017E+01,  2.441409376502509E+06,  2.142108006407332E-01,  5.872021387189041E+01,  6.667369309092351E+01,  2.766358577282317E+00,  2.980451334649241E+00,  1.680587528374815E+03,
2442048.500000000, A.D. 1974-Jan-01 00:00:00.0000,  7.697664041475948E-02,  2.555311580670729E+00,  1.059978312630323E+01,  8.106162847143743E+01,  7.047444865143636E+01,  2.441411173250928E+06,  2.139721829324480E-01,  1.363701957401966E+02,  1.420501157372792E+02,  2.768414855523218E+00,  2.981518130375707E+00,  1.682461687618777E+03,
2442413.500000000, A.D. 1975-Jan-01 00:00:00.0000,  7.605683861950355E-02,  2.560106680079153E+00,  1.058848221808537E+01,  8.087405108314979E+01,  7.180519110664142E+01,  2.443100958260261E+06,  2.136903265403971E-01,  2.130968198818570E+02,  2.086939798551182E+02,  2.770848670229894E+00,  2.981590660380635E+00,  1.684680845540960E+03,
2442778.500000000, A.D. 1976-Jan-01 00:00:00.0000,  7.638715222124552E-02,  2.555475834940927E+00,  1.059891567661615E+01,  8.078699072548116E+01,  7.306241270538837E+01,  2.443105536920762E+06,  2.141565462633003E-01,  2.899629025491220E+02,  2.814897874664137E+02,  2.766825776716648E+00,  2.978175718492369E+00,  1.681013288089679E+03,
2443144.500000000, A.D. 1977-Jan-01 00:00:00.0000,  7.649509967156112E-02,  2.554989514868181E+00,  1.059937047574588E+01,  8.078507297148424E+01,  7.325459436652716E+01,  2.443106278646922E+06,  2.141801394206337E-01,  8.186254731110386E+00,  9.564143395785209E+00,  2.766622585282997E+00,  2.978255655697812E+00,  1.680828114940140E+03,
2443509.500000000, A.D. 1978-Jan-01 00:00:00.0000,  7.675192595167959E-02,  2.555165846970448E+00,  1.059932177068118E+01,  8.078435466274595E+01,  7.342085215178187E+01,  2.443106970100825E+06,  2.140686392976465E-01,  8.616902779310956E+01,  9.496638005784486E+01,  2.767583186787907E+00,  2.980000526605365E+00,  1.681703593675143E+03,
2443874.500000000, A.D. 1979-Jan-01 00:00:00.0000,  7.691981682235437E-02,  2.554799085601445E+00,  1.059819419311849E+01,  8.078101050540425E+01,  7.355110359296947E+01,  2.443107662631251E+06,  2.140563359213949E-01,  1.641463974019264E+02,  1.663493127049635E+02,  2.767689234543752E+00,  2.980579383486059E+00,  1.681800253425800E+03,
2444239.500000000, A.D. 1980-Jan-01 00:00:00.0000,  7.711398528770594E-02,  2.553643114897675E+00,  1.059825917616089E+01,  8.076965152947278E+01,  7.373430498898816E+01,  2.444790083992184E+06,  2.141341174034438E-01,  2.421011827772883E+02,  2.346501108444201E+02,  2.767018975462276E+00,  2.980394836026877E+00,  1.681189360972939E+03,
2444605.500000000, A.D. 1981-Jan-01 00:00:00.0000,  7.723553432503695E-02,  2.552730706935399E+00,  1.059928438297651E+01,  8.076660134576247E+01,  7.393241532499482E+01,  2.444790794493768E+06,  2.142066075574901E-01,  3.203086950907581E+02,  3.142158753191000E+02,  2.766394678048407E+00,  2.980058649161414E+00,  1.680620425788597E+03,
2444970.500000000, A.D. 1982-Jan-01 00:00:00.0000,  7.794773525540805E-02,  2.552543623146470E+00,  1.059944014890469E+01,  8.073749568112157E+01,  7.393882120161732E+01,  2.444790723470907E+06,  2.139821874503953E-01,  3.846897494765111E+01,  4.447171132702158E+01,  2.768328565250607E+00,  2.984113507354745E+00,  1.682383025846271E+03,
2445335.500000000, A.D. 1983-Jan-01 00:00:00.0000,  7.844842908272405E-02,  2.549435024121281E+00,  1.060660312050094E+01,  8.071496288512743E+01,  7.331951356373398E+01,  2.444788413912232E+06,  2.141990881922309E-01,  1.171853411626042E+02,  1.248159062315013E+02,  2.766459419719370E+00,  2.983483815317459E+00,  1.680679423233219E+03,
2445700.500000000, A.D. 1984-Jan-01 00:00:00.0000,  7.857107210276697E-02,  2.548479076956748E+00,  1.060698632610410E+01,  8.071633958002964E+01,  7.307105785028720E+01,  2.446467448843232E+06,  2.142768381232615E-01,  1.956606268699905E+02,  1.934413694375339E+02,  2.765790176321640E+00,  2.983101275686532E+00,  1.680069591996276E+03,
2446066.500000000, A.D. 1985-Jan-01 00:00:00.0000,  7.839432028745470E-02,  2.549888710591932E+00,  1.060651692701184E+01,  8.071829409734630E+01,  7.283162281272773E+01,  2.446466618023728E+06,  2.141607842430180E-01,  2.743104102486764E+02,  2.653230720020459E+02,  2.766789275199843E+00,  2.983689839807754E+00,  1.680980022894815E+03,
2446431.500000000, A.D. 1986-Jan-01 00:00:00.0000,  7.838724087839913E-02,  2.550401242222458E+00,  1.060509657627280E+01,  8.071447102307921E+01,  7.264448551359027E+01,  2.446465880053427E+06,  2.140986973903501E-01,  3.526392753450875E+02,  3.513653170919699E+02,  2.767324146698309E+00,  2.984247051174160E+00,  1.681467493207766E+03,
2446796.500000000, A.D. 1987-Jan-01 00:00:00.0000,  7.831694517601767E-02,  2.549993019765869E+00,  1.060587414631277E+01,  8.070331977617309E+01,  7.244834767985911E+01,  2.446465066529924E+06,  2.141746131007503E-01,  7.098463522220540E+01,  7.971451048288183E+01,  2.766670176281859E+00,  2.983347332797849E+00,  1.680871485130928E+03,
2447161.500000000, A.D. 1988-Jan-01 00:00:00.0000,  7.843150348240947E-02,  2.548721575730907E+00,  1.060741123154317E+01,  8.070440777885844E+01,  7.217633883039139E+01,  2.446464057362956E+06,  2.142949373005648E-01,  1.494584261761628E+02,  1.536652628606710E+02,  2.765634443193294E+00,  2.982547310655680E+00,  1.679927694675646E+03,
2447527.500000000, A.D. 1989-Jan-01 00:00:00.0000,  7.835926555096261E-02,  2.549262786892583E+00,  1.060751027340946E+01,  8.070283044033832E+01,  7.193181500618213E+01,  2.448142818694806E+06,  2.142518873698735E-01,  2.281668083039210E+02,  2.219000059390435E+02,  2.766004899313124E+00,  2.982747011733665E+00,  1.680265244891469E+03,
2447892.500000000, A.D. 1990-Jan-01 00:00:00.0000,  7.785972211177161E-02,  2.553623782811561E+00,  1.060556526111535E+01,  8.070204707607790E+01,  7.102065161358580E+01,  2.448139510130785E+06,  2.138770523522300E-01,  3.071702013264581E+02,  2.996396207096037E+02,  2.769235705287219E+00,  2.984847627762878E+00,  1.683210031374113E+03,
2448257.500000000, A.D. 1991-Jan-01 00:00:00.0000,  7.684588558892527E-02,  2.554198222066120E+00,  1.060153997785573E+01,  8.067961978584444E+01,  7.088259828954804E+01,  2.448138934438834E+06,  2.141575998890050E-01,  2.539171600872359E+01,  2.952138980014580E+01,  2.766816701776353E+00,  2.979435181486587E+00,  1.681005017737326E+03,
2448622.500000000, A.D. 1992-Jan-01 00:00:00.0000,  7.666976758043292E-02,  2.554789856852313E+00,  1.060107559577694E+01,  8.067908161518946E+01,  7.099527111455619E+01,  2.448139329423098E+06,  2.141444793552111E-01,  1.034683116303474E+02,  1.117963634927733E+02,  2.766929715013815E+00,  2.979069573175318E+00,  1.681108012141895E+03,
2448988.500000000, A.D. 1993-Jan-01 00:00:00.0000,  7.644253203519431E-02,  2.556234356521735E+00,  1.059927256572787E+01,  8.067123236136136E+01,  7.119826417289343E+01,  2.449821882548001E+06,  2.140419796758554E-01,  1.816211495985492E+02,  1.813950053856227E+02,  2.767812989650521E+00,  2.979391622779307E+00,  1.681913055304305E+03,
2449353.500000000, A.D. 1994-Jan-01 00:00:00.0000,  7.628916871834120E-02,  2.556739859596807E+00,  1.059977102463638E+01,  8.065930961405139E+01,  7.131526003648835E+01,  2.449822523346365E+06,  2.140318053954776E-01,  2.596140864049120E+02,  2.511910184678501E+02,  2.767900703350315E+00,  2.979061547103822E+00,  1.681993007229975E+03,
2449718.500000000, A.D. 1995-Jan-01 00:00:00.0000,  7.611113937737336E-02,  2.556630554200332E+00,  1.060067890498875E+01,  8.065841824185236E+01,  7.144363201302697E+01,  2.449823069280345E+06,  2.141074148787938E-01,  3.376109417096237E+02,  3.339723451702541E+02,  2.767249030881669E+00,  2.977867507563006E+00,  1.681399031433806E+03,
2450083.500000000, A.D. 1996-Jan-01 00:00:00.0000,  7.598029610548575E-02,  2.556818368615426E+00,  1.060078472058316E+01,  8.065849656507625E+01,  7.158762748366863E+01,  2.449823641222117E+06,  2.141293041822774E-01,  5.564337929380438E+01,  6.321496258548502E+01,  2.767060440203894E+00,  2.977302511792362E+00,  1.681227150925359E+03,
2450449.500000000, A.D. 1997-Jan-01 00:00:00.0000,  7.611509185848435E-02,  2.559517166285723E+00,  1.059270365765560E+01,  8.064883545687728E+01,  7.259685734760826E+01,  2.449827741988415E+06,  2.137439413030058E-01,  1.328970079329455E+02,  1.388863347836734E+02,  2.770385297703846E+00,  2.981253429121968E+00,  1.684258266247931E+03,
2450814.500000000, A.D. 1998-Jan-01 00:00:00.0000,  7.746815502564273E-02,  2.553258403774331E+00,  1.058095767507361E+01,  8.052623067015621E+01,  7.349063854299119E+01,  2.451515003763987E+06,  2.140592348383105E-01,  2.100507002796776E+02,  2.059534847907131E+02,  2.767664246696332E+00,  2.982070089618332E+00,  1.681777477490872E+03,
2451179.500000000, A.D. 1999-Jan-01 00:00:00.0000,  7.804083400584035E-02,  2.549837355434594E+00,  1.058391386706625E+01,  8.049834141635611E+01,  7.393248682211117E+01,  2.451516249337937E+06,  2.142904833851836E-01,  2.878378215938791E+02,  2.790971674728032E+02,  2.765672764568780E+00,  2.981508173702966E+00,  1.679962611092280E+03,
2451544.500000000, A.D. 2000-Jan-01 00:00:00.0000,  7.837505513586621E-02,  2.549670143340842E+00,  1.058336067353508E+01,  8.049436497098499E+01,  7.392278731474563E+01,  2.451516163104953E+06,  2.141950389186140E-01,  6.069622337408568E+00,  7.121193704705399E+00,  2.766494285499959E+00,  2.983318427659077E+00,  1.680711195821797E+03,
2451910.500000000, A.D. 2001-Jan-01 00:00:00.0000,  7.868137037806146E-02,  2.549456085970667E+00,  1.058390379759110E+01,  8.048979246451826E+01,  7.395951122853613E+01,  2.451516341578391E+06,  2.141152250875699E-01,  8.439531916303032E+01,  9.341795464563977E+01,  2.767181737133474E+00,  2.984907388296280E+00,  1.681337699609009E+03,
2452275.500000000, A.D. 2002-Jan-01 00:00:00.0000,  7.897358509072734E-02,  2.548271716637367E+00,  1.058362065812064E+01,  8.048854974545728E+01,  7.396343748835969E+01,  2.451516612518626E+06,  2.141625857158353E-01,  1.625253052783554E+02,  1.650074661747253E+02,  2.766773759565178E+00,  2.985275802492990E+00,  1.680965882984207E+03,
2452640.500000000, A.D. 2003-Jan-01 00:00:00.0000,  7.931850572749523E-02,  2.546454842096506E+00,  1.058365820785089E+01,  8.048194281750861E+01,  7.406611859137810E+01,  2.453197657307868E+06,  2.142714094306005E-01,  2.406171183684725E+02,  2.330867553884105E+02,  2.765836891409053E+00,  2.985218940721599E+00,  1.680112157551280E+03,
2453005.500000000, A.D. 2004-Jan-01 00:00:00.0000,  7.952507968223421E-02,  2.546015781911268E+00,  1.058339655652612E+01,  8.047928930376251E+01,  7.406558055062570E+01,  2.453197568875990E+06,  2.142547094980513E-01,  3.188483387712142E+02,  3.123819829230908E+02,  2.765980610348769E+00,  2.985945438786270E+00,  1.680243112711015E+03,
2453371.500000000, A.D. 2005-Jan-01 00:00:00.0000,  8.009652838386415E-02,  2.545794291030453E+00,  1.058223954630289E+01,  8.042820493815380E+01,  7.377586527065945E+01,  2.453196220846602E+06,  2.140831559112557E-01,  3.752431432481098E+01,  4.358379405364993E+01,  2.767458075310732E+00,  2.989121859591013E+00,  1.681589560223185E+03,
2453736.500000000, A.D. 2006-Jan-01 00:00:00.0000,  8.002067034509724E-02,  2.544137091545934E+00,  1.058690435766911E+01,  8.040976456720749E+01,  7.324754419270020E+01,  2.453194091718437E+06,  2.143188714790748E-01,  1.162483307854969E+02,  1.240990501389134E+02,  2.765428536856666E+00,  2.986719982167398E+00,  1.679740087821193E+03,
2454101.500000000, A.D. 2007-Jan-01 00:00:00.0000,  7.982288194501556E-02,  2.545002677053752E+00,  1.058669483829831E+01,  8.040789410744401E+01,  7.317435887662060E+01,  2.454873564735085E+06,  2.142786259932273E-01,  1.945630293881110E+02,  1.924666880423171E+02,  2.765774791741427E+00,  2.986546906429103E+00,  1.680055574051416E+03,
2454466.500000000, A.D. 2008-Jan-01 00:00:00.0000,  7.959089796121394E-02,  2.546411792290198E+00,  1.058662528418495E+01,  8.040691339978370E+01,  7.302165591419758E+01,  2.454873134846178E+06,  2.141817565042949E-01,  2.729062343897745E+02,  2.637899843183262E+02,  2.766608659833627E+00,  2.986805527377056E+00,  1.680815424598411E+03,
2454832.500000000, A.D. 2009-Jan-01 00:00:00.0000,  7.946969762632639E-02,  2.546912360232153E+00,  1.058562077854327E+01,  8.040359920861563E+01,  7.288406880468760E+01,  2.454872615174331E+06,  2.141609113655521E-01,  3.514088977057634E+02,  3.499012831010670E+02,  2.766788180318128E+00,  2.986664000404104E+00,  1.680979025091626E+03,
2455197.500000000, A.D. 2010-Jan-01 00:00:00.0000,  7.922331085189828E-02,  2.546621818042517E+00,  1.058624463444593E+01,  8.039388750965466E+01,  7.269479903944635E+01,  2.454871814994297E+06,  2.142835657072706E-01,  6.978894431948298E+01,  7.857492820811991E+01,  2.765732286727023E+00,  2.984842755411530E+00,  1.680016845023898E+03,
2455562.500000000, A.D. 2011-Jan-01 00:00:00.0000,  7.905596380909996E-02,  2.546687795776821E+00,  1.058680893270452E+01,  8.039282648542508E+01,  7.252495297764170E+01,  2.454870999413962E+06,  2.143336565098456E-01,  1.482118490842182E+02,  1.526089581535483E+02,  2.765301360015458E+00,  2.983914924254095E+00,  1.679624217036876E+03,
2455927.500000000, A.D. 2012-Jan-01 00:00:00.0000,  7.809268485725088E-02,  2.551769093193329E+00,  1.058658797053267E+01,  8.036239219248806E+01,  7.228125577497735E+01,  2.456550362995146E+06,  2.140291397611232E-01,  2.266891689597559E+02,  2.205986246874451E+02,  2.767923685254857E+00,  2.984078277316386E+00,  1.682013955678157E+03,
2456293.500000000, A.D. 2013-Jan-01 00:00:00.0000,  7.654400438922937E-02,  2.557248862455125E+00,  1.059420221674449E+01,  8.033018158244435E+01,  7.200636188255164E+01,  2.456550013787970E+06,  2.138793673295031E-01,  3.051369933177133E+02,  2.975692579019847E+02,  2.769215722903796E+00,  2.981182583352468E+00,  1.683191812725830E+03,
2456658.500000000, A.D. 2014-Jan-01 00:00:00.0000,  7.579458827956562E-02,  2.557115290190099E+00,  1.059398242043410E+01,  8.032723563741766E+01,  7.231483707218936E+01,  2.456551290768421E+06,  2.141565545468180E-01,  2.295955965051794E+01,  2.666738763216842E+01,  2.766825705369931E+00,  2.976536120549764E+00,  1.681013223068539E+03,
2457023.500000000, A.D. 2015-Jan-01 00:00:00.0000,  7.582215536511445E-02,  2.557708740339752E+00,  1.059329180629930E+01,  8.032927357602159E+01,  7.253440363270862E+01,  2.456552163570029E+06,  2.140724462903980E-01,  1.009001425897821E+02,  1.092520417872804E+02,  2.767550374841786E+00,  2.977392009343820E+00,  1.681673686821167E+03,
2457388.500000000, A.D. 2016-Jan-01 00:00:00.0000,  7.575678586521900E-02,  2.558402640153603E+00,  1.059168870614963E+01,  8.032230154067432E+01,  7.272695675634455E+01,  2.456552924096138E+06,  2.140080638785576E-01,  1.788199814091138E+02,  1.789832490660554E+02,  2.768105408865372E+00,  2.977808177577141E+00,  1.682179603308256E+03,
2457754.500000000, A.D. 2017-Jan-01 00:00:00.0000,  7.568229284988795E-02,  2.558518927674154E+00,  1.059216500837335E+01,  8.031070313956663E+01,  7.287157660407871E+01,  2.458235797798077E+06,  2.140193456780797E-01,  2.569929601792973E+02,  2.487477048127371E+02,  2.768008129545270E+00,  2.977497331416386E+00,  1.682090929020497E+03,
2458119.500000000, A.D. 2018-Jan-01 00:00:00.0000,  7.555318739884337E-02,  2.558064945862786E+00,  1.059346771788285E+01,  8.030963673166595E+01,  7.308676865574617E+01,  2.458236668110339E+06,  2.141211751891321E-01,  3.349118265196161E+02,  3.309022203479356E+02,  2.767130473050198E+00,  2.976196000237610E+00,  1.681290977793363E+03,
2458484.500000000, A.D. 2019-Jan-01 00:00:00.0000,  7.576661728675474E-02,  2.558281957710772E+00,  1.059380678078637E+01,  8.030649575010139E+01,  7.334098401320156E+01,  2.458237690038492E+06,  2.140197923132254E-01,  5.282221670269779E+01,  6.013866912195578E+01,  2.768004278530275E+00,  2.977726599349778E+00,  1.682087418686621E+03,
2458849.500000000, A.D. 2020-Jan-01 00:00:00.0000,  7.687465023986607E-02,  2.556401146407086E+00,  1.059127767083801E+01,  8.030119019174782E+01,  7.380896807742398E+01,  2.458240179131198E+06,  2.138708444711321E-01,  1.303159687646652E+02,  1.366261938505790E+02,  2.769289292154467E+00,  2.982177437901848E+00,  1.683258888747654E+03,
2459215.500000000, A.D. 2021-Jan-01 00:00:00.0000,  7.819474327479695E-02,  2.549735722916545E+00,  1.058791683395734E+01,  8.027160009498368E+01,  7.372829862944489E+01,  2.459921417765389E+06,  2.142496354032473E-01,  2.087573761406436E+02,  2.047908010812096E+02,  2.766024281500318E+00,  2.982312840084089E+00,  1.680282906070904E+03,
2459580.500000000, A.D. 2022-Jan-01 00:00:00.0000,  7.848678376803524E-02,  2.548906395001388E+00,  1.058776036135952E+01,  8.026855745278412E+01,  7.364494262805889E+01,  2.459920839502198E+06,  2.142523508416329E-01,  2.870814615698530E+02,  2.782645371603531E+02,  2.766000910354577E+00,  2.983095425707765E+00,  1.680261610133269E+03,
2459945.500000000, A.D. 2023-Jan-01 00:00:00.0000,  7.876559927630317E-02,  2.549091715253589E+00,  1.058636404493313E+01,  8.026204748899374E+01,  7.348113810689512E+01,  2.459920144765095E+06,  2.141317676955596E-01,  5.429361270487103E+00,  6.375675870519020E+00,  2.767039217435966E+00,  2.984986719618342E+00,  1.681207808977823E+03,
2460310.500000000, A.D. 2024-Jan-01 00:00:00.0000,  7.898250785934592E-02,  2.548636998017883E+00,  1.058735257911968E+01,  8.025362071201003E+01,  7.339055643478878E+01,  2.459919798137722E+06,  2.141134338540504E-01,  8.365451734559375E+01,  9.271108302170632E+01,  2.767197170266844E+00,  2.985757342515804E+00,  1.681351765370279E+03,
2460676.500000000, A.D. 2025-Jan-01 00:00:00.0000,  7.927929091823942E-02,  2.547045155838307E+00,  1.058793299265674E+01,  8.025430838159758E+01,  7.326238273413956E+01,  2.459919534301474E+06,  2.142106082595955E-01,  1.621500827129195E+02,  1.646932021982246E+02,  2.766360233581026E+00,  2.985675311323744E+00,  1.680589037699415E+03,
2461041.500000000, A.D. 2026-Jan-01 00:00:00.0000,  7.960223197636908E-02,  2.545412789672983E+00,  1.058794645422595E+01,  8.024910869412638E+01,  7.330682825250133E+01,  2.461599953548971E+06,  2.143039008067367E-01,  2.403212260361118E+02,  2.327904791397144E+02,  2.765557325436311E+00,  2.985701861199640E+00,  1.679857429775180E+03,
2461406.500000000, A.D. 2027-Jan-01 00:00:00.0000,  7.990783974304608E-02,  2.545605065023153E+00,  1.058607862809337E+01,  8.024703824011544E+01,  7.305950206630870E+01,  2.461598880723224E+06,  2.141729061110019E-01,  3.187972614274172E+02,  3.122912236172593E+02,  2.766684876776086E+00,  2.987764688529018E+00,  1.680884881925347E+03,
2461771.500000000, A.D. 2028-Jan-01 00:00:00.0000,  7.994741451437286E-02,  2.545631661093837E+00,  1.058259682196972E+01,  8.018775535656468E+01,  7.253838139379585E+01,  2.461596571065396E+06,  2.141557321277380E-01,  3.746203406041264E+01,  4.350121338349330E+01,  2.766832788965195E+00,  2.988033916836554E+00,  1.681019678638673E+03,
2462137.500000000, A.D. 2029-Jan-01 00:00:00.0000,  7.969491889590120E-02,  2.545260970210629E+00,  1.058449016694865E+01,  8.017809346003742E+01,  7.228497307896428E+01,  2.461595472806105E+06,  2.142907015720139E-01,  1.161513876509171E+02,  1.239792920825634E+02,  2.765670887263879E+00,  2.986080804317129E+00,  1.679960900585411E+03,
2462502.500000000, A.D. 2030-Jan-01 00:00:00.0000,  7.941098417099222E-02,  2.546664327459476E+00,  1.058389196289204E+01,  8.017403511862710E+01,  7.229476300213393E+01,  2.463275749813363E+06,  2.142126922847433E-01,  1.943600756708136E+02,  1.923022091718148E+02,  2.766342291371093E+00,  2.986020255282710E+00,  1.680572687642001E+03,
2462867.500000000, A.D. 2031-Jan-01 00:00:00.0000,  7.909556164961321E-02,  2.548283062039776E+00,  1.058417157343743E+01,  8.016945256612942E+01,  7.219748373089918E+01,  2.463275618813022E+06,  2.141186130946435E-01,  2.726141657778620E+02,  2.635567939444313E+02,  2.767152546907589E+00,  2.986022031775402E+00,  1.681311095737738E+03,
2463232.500000000, A.D. 2032-Jan-01 00:00:00.0000,  7.884654801948955E-02,  2.548589796517614E+00,  1.058397236086853E+01,  8.016806065988581E+01,  7.218285298268847E+01,  2.463275605061152E+06,  2.141667960952288E-01,  3.507683271574828E+02,  3.491636203027433E+02,  2.766737497469137E+00,  2.984885198420659E+00,  1.680932836292357E+03,
2463598.500000000, A.D. 2033-Jan-01 00:00:00.0000,  7.853585671303433E-02,  2.548549805502578E+00,  1.058424295952589E+01,  8.016385196903806E+01,  7.210461966478343E+01,  2.463275257555655E+06,  2.142802016493296E-01,  6.926445615597407E+01,  7.795014619202745E+01,  2.765761233434016E+00,  2.982972661365455E+00,  1.680043220181122E+03,
2463963.500000000, A.D. 2034-Jan-01 00:00:00.0000,  7.807562338588250E-02,  2.550909869904908E+00,  1.058154599086301E+01,  8.015672749349787E+01,  7.231555217526102E+01,  2.463275724128823E+06,  2.141432305516822E-01,  1.472825469493931E+02,  1.517458791921015E+02,  2.766940472138771E+00,  2.982971074372633E+00,  1.681117815737426E+03,
2464328.500000000, A.D. 2035-Jan-01 00:00:00.0000,  7.633374303658295E-02,  2.559469092459961E+00,  1.057967660817299E+01,  8.002269470119289E+01,  7.278081746924843E+01,  2.464960560887620E+06,  2.136740871767905E-01,  2.249449667976713E+02,  2.191672307170234E+02,  2.770989059267249E+00,  2.982509026074538E+00,  1.684808882333691E+03,
2464693.500000000, A.D. 2036-Jan-01 00:00:00.0000,  7.551823698116442E-02,  2.558780227369629E+00,  1.059488737054412E+01,  7.994255738383215E+01,  7.394496832191700E+01,  2.464965465054096E+06,  2.140435361963352E-01,  3.017876380995709E+02,  2.940713685810786E+02,  2.767799571312362E+00,  2.976818915255095E+00,  1.681900824464905E+03,
2465059.500000000, A.D. 2037-Jan-01 00:00:00.0000,  7.538597604532950E-02,  2.558369014585323E+00,  1.059543398008098E+01,  7.994244025848029E+01,  7.424242115997326E+01,  2.464966662133546E+06,  2.141410897752462E-01,  1.988040189484297E+01,  2.310069740548527E+01,  2.766958912912559E+00,  2.975548811239796E+00,  1.681134621934732E+03,
2465424.500000000, A.D. 2038-Jan-01 00:00:00.0000,  7.554161423136403E-02,  2.558720613942293E+00,  1.059495777947625E+01,  7.994366479132020E+01,  7.444376198193611E+01,  2.464967494282240E+06,  2.140428974948143E-01,  9.781882800111464E+01,  1.062554243585717E+02,  2.767805077364146E+00,  2.976889540785999E+00,  1.681905843237437E+03,
2465789.500000000, A.D. 2039-Jan-01 00:00:00.0000,  7.557285318508040E-02,  2.559022688093331E+00,  1.059335640070563E+01,  7.993703588777331E+01,  7.464446532508607E+01,  2.464968378010572E+06,  2.139941520111301E-01,  1.757153038252017E+02,  1.763064345837611E+02,  2.768225378181885E+00,  2.977428068270438E+00,  1.682288962650138E+03,
2466154.500000000, A.D. 2040-Jan-01 00:00:00.0000,  7.568270253940448E-02,  2.558149541643370E+00,  1.059389548183330E+01,  7.992477311293078E+01,  7.485561033357310E+01,  2.466651464775837E+06,  2.140655602690594E-01,  2.536169568265259E+02,  2.455396929441034E+02,  2.767609725222551E+00,  2.977069908801732E+00,  1.681727782589200E+03,
2466520.500000000, A.D. 2041-Jan-01 00:00:00.0000,  7.569159611245907E-02,  2.557497414419780E+00,  1.059508438061409E+01,  7.992300662221714E+01,  7.506750732284542E+01,  2.466652285627920E+06,  2.141443505083983E-01,  3.317788523027544E+02,  3.273103631967743E+02,  2.766930824888342E+00,  2.976364235356904E+00,  1.681109023634418E+03,
2466885.500000000, A.D. 2042-Jan-01 00:00:00.0000,  7.632635809947916E-02,  2.557453868849304E+00,  1.059608313617636E+01,  7.990576888665990E+01,  7.526586802576647E+01,  2.466653047683007E+06,  2.139292590220171E-01,  4.972835193226702E+01,  5.682079830537048E+01,  2.768785156180456E+00,  2.980116443511608E+00,  1.682799265728068E+03,
2467250.500000000, A.D. 2043-Jan-01 00:00:00.0000,  7.731399203981204E-02,  2.553324447933901E+00,  1.060134463070176E+01,  7.989602526355195E+01,  7.480967885174017E+01,  2.466651707660124E+06,  2.141045864857335E-01,  1.282041863200750E+02,  1.347584465253315E+02,  2.767273401683656E+00,  2.981222355433410E+00,  1.681421243276299E+03,
2467615.500000000, A.D. 2044-Jan-01 00:00:00.0000,  7.773396913429974E-02,  2.550999628114397E+00,  1.060112293307058E+01,  7.989436834552909E+01,  7.453794318523705E+01,  2.468331090341788E+06,  2.142509717056393E-01,  2.066840739287689E+02,  2.030068453907801E+02,  2.766012780195168E+00,  2.981025932275939E+00,  1.680272425996770E+03,
2467981.500000000, A.D. 2045-Jan-01 00:00:00.0000,  7.772894053301894E-02,  2.551701360547355E+00,  1.060041760575968E+01,  7.989662790235073E+01,  7.431032700038956E+01,  2.468330175341497E+06,  2.141643489885763E-01,  2.853261724798588E+02,  2.765442961080411E+02,  2.766758573148864E+00,  2.981815785750372E+00,  1.680952043139555E+03,
2468346.500000000, A.D. 2046-Jan-01 00:00:00.0000,  7.785989469796235E-02,  2.552107419663301E+00,  1.059880449404920E+01,  7.988975964373310E+01,  7.409845037207168E+01,  2.468329308346591E+06,  2.140676367285302E-01,  3.680176616729714E+00,  4.314149343396378E+00,  2.767591827954802E+00,  2.983076236246304E+00,  1.681711469803041E+03,
2468711.500000000, A.D. 2047-Jan-01 00:00:00.0000,  7.790943880857075E-02,  2.551570079785002E+00,  1.059998395685572E+01,  7.988002613281495E+01,  7.392352567086162E+01,  2.468328601805803E+06,  2.141180045031310E-01,  8.198539726928166E+01,  9.091128551524427E+01,  2.767157790323901E+00,  2.982745500862801E+00,  1.681315874558956E+03,
2469076.500000000, A.D. 2048-Jan-01 00:00:00.0000,  7.820039646193613E-02,  2.549723496746263E+00,  1.060119405771925E+01,  7.988199729934661E+01,  7.368830074646674E+01,  2.468327886484681E+06,  2.142492055111848E-01,  1.603898508920448E+02,  1.631419895098606E+02,  2.766027981526439E+00,  2.982332466306616E+00,  1.680286277566645E+03,
2469442.500000000, A.D. 2049-Jan-01 00:00:00.0000,  7.838062931425206E-02,  2.549054712290913E+00,  1.060115412367888E+01,  7.988304143575216E+01,  7.352421565054270E+01,  2.470007186640058E+06,  2.142706709278381E-01,  2.390042147708002E+02,  2.316952061273807E+02,  2.765843246539233E+00,  2.982631780787552E+00,  1.680117948205989E+03,
2469807.500000000, A.D. 2050-Jan-01 00:00:00.0000,  7.843275191877068E-02,  2.551240591714603E+00,  1.059704340454486E+01,  7.988204722235629E+01,  7.282220592213986E+01,  2.470004444130188E+06,  2.139771985670465E-01,  3.178584467481483E+02,  3.113708763899809E+02,  2.768371594179886E+00,  2.985502596645169E+00,  1.682422250645549E+03,
$$EOE
**************************************************************************************************************************************************************************************************************************************************************************************************************************************************
 
TIME

  Barycentric Dynamical Time ("TDB" or T_eph) output was requested. This
continuous coordinate time is equivalent to the relativistic proper time
of a clock at rest in a reference frame co-moving with the solar system
barycenter but outside the system's gravity well. It is the independent
variable in the solar system relativistic equations of motion.

  TDB runs at a uniform rate of one SI second per second and is independent
of irregularities in Earth's rotation.
 
CALENDAR SYSTEM

  Mixed calendar mode was active such that calendar dates after AD 1582-Oct-15
(if any) are in the modern Gregorian system. Dates prior to 1582-Oct-5 (if any)
are in the Julian calendar system, which is automatically extended for dates
prior to its adoption on 45-Jan-1 BC.  The Julian calendar is useful for
matching historical dates. The Gregorian calendar more accurately corresponds
to the Earth's orbital motion and seasons. A "Gregorian-only" calendar mode is
available if such physical events are the primary interest.

REFERENCE FRAME AND COORDINATES

  Ecliptic at the standard reference epoch

    Reference epoch: J2000.0
    X-Y plane: adopted Earth orbital plane at the reference epoch
               Note: IAU76 obliquity of 84381.448 arcseconds wrt ICRF X-Y plane
    X-axis   : ICRF
    Z-axis   : perpendicular to the X-Y plane in the directional (+ or -) sense
               of Earth's north pole at the reference epoch.

  Symbol meaning [1 au= 149597870.700 km, 1 day= 86400.0 s]:

    JDTDB    Julian Day Number, Barycentric Dynamical Time
      EC     Eccentricity, e
      QR     Periapsis distance, q (au)
      IN     Inclination w.r.t X-Y plane, i (degrees)
      OM     Longitude of Ascending Node, OMEGA, (degrees)
      W      Argument of Perifocus, w (degrees)
      Tp     Time of periapsis (Julian Day Number)
      N      Mean motion, n (degrees/day)
      MA     Mean anomaly, M (degrees)
      TA     True anomaly, nu (degrees)
      A      Semi-major axis, a (au)
      AD     Apoapsis distance (au)
      PR     Sidereal orbit period (day)

ABERRATIONS AND CORRECTIONS

 Geometric osculating elements have NO corrections or aberrations applied.

Computations by ...

    Solar System Dynamics Group, Horizons On-Line Ephemeris System
    4800 Oak Grove Drive, Jet Propulsion Laboratory
    Pasadena, CA  91109   USA

    General site: https://ssd.jpl.nasa.gov/
    Mailing list: https://ssd.jpl.nasa.gov/email_list.html
    System news : https://ssd.jpl.nasa.gov/horizons/news.html
    User Guide  : https://ssd.jpl.nasa.gov/horizons/manual.html
    Connect     : browser        https://ssd.jpl.nasa.gov/horizons/app.html#/x
                  API            https://ssd-api.jpl.nasa.gov/doc/horizons.html
                  command-line   telnet ssd.jpl.nasa.gov 6775
                  e-mail/batch   https://ssd.jpl.nasa.gov/ftp/ssd/horizons_batch.txt
                  scripts        https://ssd.jpl.nasa.gov/ftp/ssd/SCRIPTS
    Inquiries   : Jon.D.Giorgini@jpl.nasa.gov
*******************************************************************************
